329.866,99.3589,-314.546,122.014,10.7824,306.281,298.589,6.81121,140.035,59.2581,107.557,992.431,62.1805,992.646,103.868,996.304,55.5549,65.5102,-548.594,-35.787,-35.787,-35.787,2.44905,11.8014,-6333.34,449.331,356.863,
275.171,43.2738,-271.748,66.1238,71.1973,257.445,220.876,164.113,0.153876,386.019,922.455,8.17552,240.53,109.202,964.479,890.581,370.34,264.032,-597.091,27.8059,27.8059,27.8059,0.00539094,-11.9519,59375,269.65,-54.902,
306.022,167.752,-255.946,184.628,63.0465,235.768,246.089,37.7639,177.942,13.0549,277.622,960.602,205.983,940.825,269.107,978.468,194.355,69.4679,-556.449,26.963,26.963,26.963,0.00554903,103.501,65872.3,-426.281,282.353,
243.276,29.4931,-241.482,51.6081,7.89487,237.608,222.677,62.7837,75.2089,198.572,674.571,711.001,58.1566,732.279,678.517,978.359,93.3853,184.641,-496.911,9.01258,9.01258,9.01258,0.00314225,-40.3554,147457,455.777,-364.706,
234.082,32.0185,-231.882,47.1435,39.045,225.937,211.208,100.887,2.79429,239.253,969.595,51.4132,199.175,2.8151,979.96,950.309,244.699,192.446,-517.555,42.6688,42.6688,42.6688,0.00375774,-37.8998,59392.5,578.458,-43.1373,
289.394,153.785,-245.151,173.614,46.0432,226.908,192.5,46.7353,210.97,197.91,182.702,963.043,222.209,948.536,225.615,954.701,258.649,147.127,-429.184,-9.32097,-9.32097,-9.32097,0.168663,65.1636,-37880.2,-387.38,-474.51,
233.6,141.604,-185.788,160.11,169.827,9.61145,176.912,40.7742,146.997,45.8037,334.375,941.326,998.927,21.8261,40.8535,6.88511,942.187,335.016,-420.33,16.5225,16.5225,16.5225,0.00458171,80.057,20925.9,648.791,176.471,
223.573,133.012,-179.702,142.539,172.133,6.14831,175.376,18.8794,137.374,22.329,125.615,991.828,999.382,29.7588,18.7301,27.1629,991.633,126.201,-401.471,20.0071,20.0071,20.0071,0.00669263,80.6759,61099.8,-43.1178,-200,
224.609,32.1184,-222.301,28.8378,15.2252,222.229,166.079,150.661,12.978,571.577,820.463,11.8142,95.7379,80.9817,992.107,814.944,565.935,124.837,-499.295,18.0224,18.0224,18.0224,0.00562536,-23.394,-24441.2,57.7169,-145.098,
547.195,235.056,-494.137,228.289,30.0995,496.387,470.33,276.194,43.9183,98.0262,995.13,10.3574,33.497,7.10238,999.414,994.62,98.3156,32.6376,-1010,-47.5906,-47.5906,-47.5906,8.01853,75.7616,91503.8,-143.625,-39.2157,
547.129,247.416,-487.991,249.177,35.2101,485.82,441.208,320.371,45.2562,156.876,962.655,220.648,15.7401,225.822,974.041,987.493,149.33,50.5784,-1068.22,-37.2556,-37.2556,-37.2556,11.0424,87.4714,-60753,-26.117,-243.137,
