1069.34,158.416,396.078,745.569,16.7298,468.642,841.33,1098.19,629.55,6.94957,3.4319e-05,3.03254e-05,3.08966e-05,2.81168e-05,260.776,71.0565,79.8381,
1380.21,39.823,886.275,759.635,21.007,537.049,917.47,1172.42,635.367,31.0832,7.9393e-06,7.66276e-06,8.53072e-06,9.21608e-06,292.454,264.444,88.6046,
1015.62,98.9011,713.726,800.598,18.8147,500.653,898.424,1139.1,638.45,21.7178,9.26777e-06,1.12036e-05,9.85311e-06,1.15266e-05,279.174,202.14,67.4689,
0,52.6316,521.569,849.966,15.6453,452.544,846.436,1066.43,613.887,11.2995,1.24642e-05,1.65057e-05,1.44607e-05,1.93628e-05,251.802,111.751,96.8673,
175.781,52.2876,600,839.965,16.6106,491.705,861.462,1102.07,610.362,18.6479,1.01127e-05,1.05515e-05,1.0528e-05,1.11172e-05,261.991,202.313,88.5623,
39.0625,46.1539,509.804,778.455,8.80931,341.256,741.212,940.013,598.758,2.75147,6.68593e-05,6.85229e-05,6.75176e-05,6.96074e-05,189.709,41.1047,88.0971,
148.026,133.803,556.863,776.178,9.75952,354.095,778.236,945.218,591.123,19.7778,1.39397e-05,1.33391e-05,1.3127e-05,1.2907e-05,223.458,198.673,105.018,
167.411,83.8323,654.902,733.422,9.84419,355.241,826.855,995.622,640.381,17.1526,1.00651e-05,1.21859e-05,9.40085e-06,1.14765e-05,224.837,198.71,54.1773,
195.312,36.5854,643.137,858.165,14.4056,456.982,893.587,1100.24,643.257,12.6853,1.01636e-05,9.36215e-06,1.0123e-05,8.73292e-06,240.247,227.614,1.93932,
1104.91,225.806,121.569,774.821,15.0976,443.065,901.712,1105.99,662.926,30.1154,1.1986e-05,1.17792e-05,1.3003e-05,1.24303e-05,252.315,141.997,198.503,
1328.12,32.0856,733.333,1852.84,6.67069,310.567,927.008,1079.7,769.13,7.45538,0.00036735,0.000374006,0.000365378,0.000369753,163.525,57.9664,46.672,
31.25,76.1421,772.549,657.083,59.3318,891.915,505.603,923.812,31.8973,37.4267,1.10141e-05,9.09594e-06,9.81368e-06,7.981e-06,487.659,257.598,0.219709,
1269.53,63.1579,745.098,193.03,7.85302,313.264,1168.41,1336.51,1023.24,3.21781,5.36158e-05,5.75849e-05,5.53874e-05,5.73553e-05,178.243,67.8716,9.35032,
61.6776,109.827,678.431,624.908,65.1001,958.892,532.202,953.54,-5.35152,44.5762,9.73438e-06,1.10748e-05,1.00309e-05,1.15409e-05,511.214,254.076,3.62326,
