334.688,0.96,0.784314,3.10365,4.95472e-05,0.0508734,0.676212,0.701023,0.65015,1.06438,0.974911,0.331289,0.999879,
89.7297,0.867188,0.501961,1.00028,0.00012933,0.0812657,0.693673,0.746344,0.665079,0.793254,0.624906,0.371599,0.99953,
144.224,0.649194,0.972549,1.00047,0.00148502,0.175731,0.727322,0.845253,0.669522,0.861404,0.801358,0.297286,0.994298,
118.868,0.230435,0.901961,0.570729,6.13114e-05,0.037988,0.759747,0.778734,0.740746,0.279797,0.448364,0.239194,0.999116,
185.581,0.215,0.784314,0.737479,6.1793e-05,0.047632,0.704489,0.728505,0.680873,0.287043,0.442517,0.284519,0.999517,
120.333,0.762712,0.92549,0.43186,0.000150118,0.0689716,0.693644,0.732008,0.663037,0.201432,0.55268,0.192526,0.994457,
78.5455,0.988024,0.654902,0.5457,1.18456e-05,0.0273049,0.720659,0.737111,0.709806,0.349124,0.385308,0.276805,0.99994,
132.128,0.824561,0.447059,0.414904,0.000543757,0.131229,0.768375,0.835171,0.703943,0.138487,0.323261,0.151617,0.989351,
101.739,0.964072,0.654902,1.1424,7.50464e-05,0.0612694,0.611977,0.659717,0.598447,0.0400512,0.224462,0.0645229,0.99455,
100.345,0.408451,0.556863,3.81598,0.000637755,0.102318,0.591831,0.649334,0.547016,0.181394,0.366682,0.21231,0.990599,
96,0.0622407,0.945098,0.58662,0.000940298,0.138668,0.760939,0.813797,0.675129,0.171267,0.327777,0.167122,0.982386,
48.5714,0.622881,0.92549,0.687404,2.31419e-05,0.0426431,0.656931,0.678811,0.636167,0.189223,0.353756,0.223419,0.999615,
222.388,0.917808,0.858824,0.744058,1.61297e-05,0.0427354,0.664255,0.693506,0.650771,0.0825505,0.176374,0.149789,0.999666,
281.272,0.920213,0.737255,0.850261,0.00449306,0.240521,0.682097,0.842234,0.601713,0.45913,0.84366,0.166819,0.985638,
268.393,0.571429,0.768627,0.583996,0.000163784,0.0799247,0.681155,0.707645,0.627721,0.347164,0.700283,0.206501,0.998084,
276.052,0.966805,0.945098,0.797708,5.86862e-06,0.0162772,1.02171,1.03003,1.01376,0.0555253,0.233704,0.0757016,0.999577,
62.2857,0.530303,0.776471,0.717539,5.23909e-05,0.0401194,1.00165,1.02445,0.984333,0.35719,0.372977,0.345098,0.999285,
260,0.553571,0.658824,0.450169,0.00211826,0.201107,0.728281,0.841873,0.640765,0.461867,0.772733,0.236,0.948608,
116.071,0.677419,0.972549,0.376824,0.000142437,0.0979831,0.732317,0.766468,0.668485,0.154727,0.235822,0.196407,0.994657,
148.148,0.835052,0.380392,0.985156,9.70683e-05,0.0520887,0.732624,0.75697,0.704881,0.136085,0.379156,0.123169,0.997605,
180,0.396341,0.643137,2.71921,0.000263968,0.103081,0.72247,0.78215,0.679069,0.314788,0.818637,0.137973,0.993956,
23.7931,0.542056,0.839216,0.523466,0.000227452,0.101172,0.701047,0.771798,0.670626,0.31892,0.442812,0.298755,0.997814,
0.659341,0.587097,0.607843,0.564238,0.00129429,0.205147,0.714919,0.823463,0.618317,0.911493,0.704864,0.323962,0.988144,
311.304,0.327014,0.827451,0.744567,0.000500398,0.153529,0.730775,0.8218,0.668271,1.85356,1.05037,0.573747,0.999376,
131.465,0.656904,0.937255,1.3011,0.00139137,0.166835,0.789129,0.83856,0.671725,1.59699,0.989004,0.466988,0.996719,
32,0.913043,0.45098,0.695478,0.000467367,0.0898565,0.657379,0.717457,0.6276,0.279352,0.450931,0.206202,0.996289,
271.94,0.855319,0.921569,0.717579,0.0001828,0.09582,0.635338,0.677525,0.581705,0.559657,0.546433,0.307617,0.997254,
114,0.529101,0.741176,0.692442,0.000477869,0.118062,0.65889,0.722011,0.603949,0.914002,0.76175,0.363571,0.995186,
234.643,0.54902,0.8,0.655706,0.00028721,0.0979548,0.638292,0.695266,0.597311,0.974356,0.663004,0.404291,0.998208,
276.316,0.256757,0.580392,0.605486,0.000467227,0.141713,0.548959,0.621438,0.479725,1.40063,0.984799,0.413121,0.998023,
216.486,0.925,0.627451,0.54867,0.000985724,0.143971,0.625566,0.701715,0.557744,1.19731,0.817343,0.394709,0.997076,
62.7815,0.762626,0.776471,0.904396,0.000310246,0.182959,0.736751,0.845609,0.66265,1.47538,1.24446,0.331791,0.99754,
165.176,0.913979,0.364706,0.708891,5.67314e-05,0.0626518,0.670559,0.703386,0.640734,0.177943,0.349991,0.167357,0.997766,
310,0.1,0.941176,0.465669,2.50906e-05,0.0703566,0.698769,0.732515,0.662158,0.479155,0.467413,0.310125,0.999813,
290.68,0.418699,0.964706,0.392553,3.28442e-05,0.0485393,0.813314,0.843805,0.795266,0.274181,0.281696,0.279458,0.999845,
7.89474,0.506667,0.588235,0.604377,0.000175941,0.0673527,0.87977,0.906877,0.839524,0.719701,0.82926,0.256604,0.998496,
240,0.293878,0.960784,0.511286,1.39244e-05,0.0302599,0.894839,0.912368,0.882108,0.0847807,0.31162,0.0912685,0.998437,
190.588,0.231818,0.862745,0.69888,9.03162e-05,0.107539,0.646337,0.686447,0.578908,1.29405,1.08137,0.374415,0.999357,
280,0.560606,0.776471,0.683554,0.000150223,0.0782639,0.650336,0.672974,0.59471,0.565045,0.480617,0.39654,0.998547,
238.71,0.41704,0.87451,0.420049,0.000282249,0.116864,0.691039,0.764283,0.647419,0.400539,0.353285,0.297608,0.997834,
100.851,0.218605,0.843137,0.651359,0.00059388,0.169265,0.641318,0.701226,0.53196,1.18125,0.971661,0.373257,0.996906,
280.526,0.647727,0.690196,0.609439,0.000400247,0.110871,0.652436,0.719491,0.608621,1.08057,0.847297,0.408094,0.996911,
341.818,0.60274,0.858824,0.637729,0.000939133,0.146831,0.612758,0.725587,0.578756,0.90647,0.769179,0.381152,0.993486,
115.579,0.742188,0.501961,0.655903,2.93036e-05,0.0273187,0.602896,0.616952,0.589633,0.19256,0.302865,0.212755,0.999278,
135.429,0.76087,0.541176,0.724635,2.36094e-05,0.0306575,0.612431,0.631465,0.600807,0.283716,0.512107,0.178921,0.999365,
123.59,0.653631,0.701961,0.639461,0.00037878,0.103044,0.664583,0.721971,0.618927,0.784438,0.629155,0.383085,0.996558,
33.1343,0.647343,0.811765,0.650908,0.000409665,0.107778,0.68693,0.753155,0.645378,1.14188,0.945175,0.344908,0.998841,
