1.31601,1.31187,-0.104357,-0.983499,0.630866,0.630866,0.630866,0.467465,
0.913911,0.910238,0.0818552,-0.846331,0.662148,0.662148,0.662148,0.278848,
0.722996,0.717132,0.0919009,-0.180165,0.749512,0.749512,0.749512,0.0276734,
0.836126,0.833114,0.0709053,-0.344665,0.697487,0.697487,0.697487,0.035088,
0.896646,0.888922,0.117441,-0.192651,0.686852,0.686852,0.686852,0.0710912,
0.703055,0.688954,-0.1401,-0.87465,0.518707,0.518707,0.518707,0.0224746,
0.700154,0.700103,0.00845188,-0.890262,0.615995,0.615995,0.615995,0.0070113,
1.057,1.04284,-0.172453,-0.921992,0.667203,0.667203,0.667203,0.159771,
0.544886,0.456909,0.296875,0.156469,0.703889,0.703889,0.703889,0.0359368,
0.55176,0.510604,0.2091,-0.378612,0.847236,0.847236,0.847236,0.00541589,
0.637812,0.63702,-0.0317882,-0.879012,0.323497,0.323497,0.323497,0.0260353,
0.880452,0.873732,0.108572,-0.37898,0.351705,0.351705,0.351705,0.244895,
0.378373,0.335952,0.174076,0.0700405,0.316673,0.316673,0.316673,0.0106937,
0.9635,0.943544,0.195079,-0.244583,0.441494,0.441494,0.441494,0.15736,
1.03991,1.03659,0.0830627,-0.856916,0.739891,0.739891,0.739891,0.140962,
0.896826,0.895104,0.0555494,-0.357932,0.655651,0.655651,0.655651,0.111888,
0.493789,0.321015,0.375202,-0.0359273,0.825912,0.825912,0.825912,0.0293152,
0.536283,0.466477,0.264573,-0.0744824,0.796434,0.796434,0.796434,0.0510747,
0.686888,0.524636,0.443365,0.19779,0.972404,0.972404,0.972404,0.0503169,
0.765871,0.765814,-0.00931054,-0.360814,0.598225,0.598225,0.598225,0.00348343,
0.676784,0.6621,0.140213,-0.312375,0.679292,0.679292,0.679292,0.00879008,
0.662692,0.620694,0.232161,-0.157594,0.640634,0.640634,0.640634,0.0576597,
0.593438,0.579939,0.125856,-0.152934,0.779328,0.779328,0.779328,0.0154309,
0.550044,0.528344,0.152972,-0.175114,0.725952,0.725952,0.725952,0.0339717,
0.595059,0.558188,0.206206,-0.147737,0.793318,0.793318,0.793318,0.000303907,
