1477.17,1468.3,-161.573,-1468.2,747.599,747.599,747.599,0.0199277,-6.46728,
1634.07,1454.74,744.255,-744.664,1524.74,1524.74,1524.74,544.36,139.096,
615.854,588.848,180.37,-607.727,768.365,768.365,768.365,0.0222894,-384.459,
885.862,768.97,-439.813,-1564.28,774.476,774.476,774.476,0.0284378,-666.235,
1384.84,1376.69,150.065,-1493.6,1560.56,1560.56,1560.56,314.707,-286.503,
820,800.225,178.996,-701.567,884.63,884.63,884.63,22.2324,-185.027,
1682.01,1674.97,153.673,-450.555,898.232,898.232,898.232,1386.23,-495.505,
1517.56,1480.09,335.137,-588.474,1328.84,1328.84,1328.84,0.246989,-285.93,
461.954,453.504,87.9521,-682.073,838.528,838.528,838.528,0.0158186,168.817,
860.977,844.813,-166.051,-1477.46,853.025,853.025,853.025,0.0166268,158.435,
1183.08,1074.17,495.812,-443.988,1245.39,1245.39,1245.39,0.0191541,211.346,
407.173,397.851,86.6276,-686.508,1124.78,1124.78,1124.78,0.0219706,-0.80783,
1515.16,1368.95,-649.364,-1435.68,326.656,326.656,326.656,478.891,507.844,
