0.935162,0.856304,0.375861,-0.293875,0.869261,0.869261,0.869261,0.00151647,
1.92599,1.90643,0.273792,-0.66795,0.96694,0.96694,0.96694,2.96148,
1.02238,0.91793,0.450195,-0.0407659,0.838253,0.838253,0.838253,0.0785747,
0.845741,0.617453,0.577952,-0.33578,1.40503,1.40503,1.40503,1.79327e-05,
3.15297,3.15059,0.122562,-0.931543,1.34225,1.34225,1.34225,6.03506,
0.664239,0.585239,0.314179,-0.882266,1.39818,1.39818,1.39818,0.0080765,
1.74974,1.6573,0.56122,-0.0646356,1.38103,1.38103,1.38103,0.727072,
0.863642,0.772842,0.385478,-0.132398,0.73568,0.73568,0.73568,0.000925918,
1.74364,1.72063,-0.282314,-0.711972,0.0727114,0.0727114,0.0727114,1.07426,
2.52411,2.47335,0.503621,-0.354819,0.8842,0.8842,0.8842,3.99198,
