1104.91,205.882,266.667,907.407,0.088854,49.3343,721.151,747.469,698.135,60.2359,4.28942e-05,6.10956e-05,5.34093e-05,7.02859e-05,239.505,76.9751,977.872,
1250,103.448,341.176,936.586,0.123232,64.4079,711.073,742.383,677.976,60.4515,5.13361e-05,6.09195e-05,8.74592e-05,9.47634e-05,245.63,79.0834,984.368,
1093.75,202.703,290.196,847.094,0.299496,92.7346,844.264,887.665,794.93,67.0532,2.86944e-05,1.404e-05,2.82309e-05,1.5358e-05,237.691,84.4301,981.152,
1171.88,141.026,305.882,3014.51,0.104118,66.0275,715.085,743.091,677.063,95.0919,0.000105984,8.52776e-05,6.59557e-05,5.87349e-05,226.777,151.083,999.448,
1171.88,121.951,321.569,2847.73,0.0664982,55.3644,689.406,712.951,657.587,122.09,9.54697e-05,9.69903e-05,8.90767e-05,9.32544e-05,304.884,125.458,999.708,
1276.04,163.636,215.686,550.828,0.0987787,60.8524,716.395,746.311,685.459,49.7375,7.02635e-05,8.96523e-05,7.69118e-05,9.37231e-05,236.431,77.7694,976.487,
1367.19,162.162,145.098,559.497,0.0507774,48.4117,894.454,915.866,867.454,41.859,5.76599e-05,6.03111e-05,5.74282e-05,5.96849e-05,214.944,62.7709,994.401,
117.188,177.778,176.471,484.176,0.0171437,31.5819,899.184,914.648,883.066,44.1919,5.96323e-05,6.503e-05,5.6558e-05,6.1808e-05,246.954,64.3503,997.059,
1230.47,83.3333,188.235,447.366,0.095463,55.3555,949.922,975.052,919.696,53.7283,4.15813e-05,5.39878e-05,3.92697e-05,5.07047e-05,206.893,83.3277,983.559,
1334.13,160.494,317.647,743.902,0.370852,82.8186,674.143,718.653,635.834,42.5968,8.86572e-05,0.000100365,8.70253e-05,0.000107276,144.976,92.768,924.545,
1138.39,132.075,207.843,1223.47,0.0903133,51.051,685.143,706.874,655.823,74.2864,7.39731e-05,7.10516e-05,6.47148e-05,5.8844e-05,259.072,81.6967,987.199,
1113.28,222.222,70.5882,664.708,21.1858,646.885,616.211,686.898,40.0137,363.354,2.71414e-05,2.57646e-05,2.03539e-05,2.53885e-05,484.355,319.693,741.312,
1312.5,102.041,192.157,652.746,0.0844514,52.8346,672.699,702.921,650.086,51.7199,5.7218e-05,4.89799e-05,8.05924e-05,8.23896e-05,231.939,65.0542,970.656,
127.841,148.649,290.196,673.64,0.194053,61.7432,684.562,715.358,653.615,48.0691,3.78904e-05,5.52099e-05,5.53175e-05,0.000101153,239.273,73.6683,937.921,
126.202,118.182,431.373,584.414,0.15139,60.154,681.58,709.944,649.791,82.775,5.09237e-05,4.19357e-05,4.72987e-05,3.63715e-05,255.588,78.4215,975.212,
1201.17,142.857,219.608,281.055,0.0316482,32.1325,730.149,745.055,712.923,65.5981,0.000108158,0.000127153,0.000119651,0.000116816,196.053,104.831,999.415,
78.125,102.273,345.098,320.713,0.0435851,42.5506,765.591,783.631,741.08,102.156,4.41372e-05,4.27718e-05,4.59414e-05,4.51986e-05,243.482,146.523,999.783,
1132.81,157.895,298.039,264.49,0.123305,76.0885,845.34,876.799,800.711,59.0737,0.00014821,0.000149667,0.000124327,0.00012783,222.307,74.2358,973.34,
1171.88,72.2891,325.49,651.531,0.0339999,29.5218,676.039,692.457,662.935,43.284,0.000218506,0.000213435,0.000212048,0.000213052,228.013,55.658,999.47,
1015.62,206.897,227.451,692.357,0.0251296,48.0734,669.783,690.866,642.792,55.6313,7.79379e-05,7.40207e-05,7.81752e-05,7.44344e-05,247.08,55.7207,999.524,
1101.56,142.857,274.51,591.454,0.0235163,29.5993,644.228,661.258,631.658,49.9583,0.000138392,0.000154879,0.000116361,0.000143093,224.455,58.9476,997.833,
1171.88,157.895,223.529,751.136,0.086048,46.2164,680.401,703.982,657.766,56.0866,6.0056e-05,4.34837e-05,8.17135e-05,5.4129e-05,243.049,64.8933,996.78,
1093.75,42.2535,278.431,671.009,0.0599291,46.2787,706.012,736.38,690.101,38.5319,9.91629e-05,0.000141634,8.92479e-05,0.000134461,210.408,59.5652,997.842,
1054.69,74.0741,105.882,210.714,0.0399348,37.2444,703.398,720.01,682.766,168.388,9.09705e-05,9.06073e-05,8.92547e-05,8.8993e-05,409.572,156.109,999.793,
937.5,83.3333,94.1176,298.951,0.0454822,42.4215,717.117,738.22,695.799,37.6434,0.00015664,0.000145484,0.000144599,0.000136282,180.319,69.3653,989.202,
1210.94,109.091,215.686,393.121,0.179358,61.145,652.903,688.541,627.396,138.435,5.03364e-05,5.07709e-05,4.99224e-05,5.09368e-05,261.103,201.826,997.209,
