0.741231,0.605924,-0.426943,-1.49624,1.12455,1.12455,1.12455,0.00795636,
0.975711,0.837417,-0.500745,-1.55178,0.496129,0.496129,0.496129,0.0108618,
0.944404,0.653645,-0.68165,-1.58351,0.547336,0.547336,0.547336,0.0287203,
0.938149,0.646224,-0.680086,-1.54743,-0.171024,-0.171024,-0.171024,0.144899,
2.16089,2.0924,-0.539726,-1.04739,-0.142815,-0.142815,-0.142815,3.61783,
1.1694,1.16807,0.0559052,-0.749301,0.578152,0.578152,0.578152,0.24403,
0.762891,0.737213,0.196265,-0.249269,0.60636,0.60636,0.60636,0.00438483,
1.08513,1.02998,0.341523,-0.293402,1.26001,1.26001,1.26001,0.0869778,
0.767395,0.669737,-0.374629,-1.48482,0.949128,0.949128,0.949128,0.00788248,
2.64985,2.64743,-0.113221,-1.58871,1.12231,1.12231,1.12231,3.48852,
0.822215,0.80714,-0.156728,-0.623297,1.11759,1.11759,1.11759,0.0013924,
0.591398,0.50487,-0.30799,-0.862406,0.639925,0.639925,0.639925,0.000447643,
0.754494,0.696672,-0.289672,-0.888779,1.14075,1.14075,1.14075,3.45245e-05,
1.12063,1.10214,-0.202717,-0.824422,1.20268,1.20268,1.20268,0.00723744,
0.654538,0.560608,-0.337844,-0.842414,0.839377,0.839377,0.839377,0.00962047,
0.687045,0.553045,-0.407642,-1.02203,0.481921,0.481921,0.481921,0.0047312,
0.812878,0.6844,-0.438598,-1.43998,0.53048,0.53048,0.53048,0.0108372,
0.589309,0.486607,-0.332415,-0.716971,0.486641,0.486641,0.486641,0.0085131,
0.538505,0.482463,-0.2392,-0.741386,0.70755,0.70755,0.70755,0.000286233,
0.919182,0.851439,-0.346334,-0.731897,0.563832,0.563832,0.563832,0.000205189,
