496.562,495.831,26.9333,-308.603,369.61,369.61,369.61,21.5808,302.344,
843.16,843.155,-3.06523,-383.47,321.639,321.639,321.639,295.686,210.164,
397.205,396.071,-29.9985,-450.68,327.843,327.843,327.843,17.8432,-92.1799,
1441.65,1440.22,-64.3001,-419.767,271.729,271.729,271.729,1299.67,279.116,
961.301,956.962,-91.2334,-486.978,277.932,277.932,277.932,348.606,-23.2271,
612.797,609.73,-61.2349,-439.007,352.8,352.8,352.8,50.2637,68.9528,
437.049,436.981,-7.73984,-363.343,337.1,337.1,337.1,19.1894,-70.3908,
906.348,906.312,-8.093,-418.811,339.001,339.001,339.001,305.217,-198.669,
470.324,470.324,-0.353158,-389.571,336.004,336.004,336.004,2.25047,-128.278,
422.692,422.511,-12.3512,-352.552,360.289,360.289,360.289,2.96515,58.3377,
364.982,358.331,69.3587,-235.623,433.434,433.434,433.434,4.35094,115.301,
343.086,337.728,60.397,-281.688,430.436,430.436,430.436,3.1266,-86.1727,
1128.55,1125.36,84.8259,-297.111,430.646,430.646,430.646,633.589,245.494,
