247.985,90.0997,-231.038,240.053,61.9715,5.55957,11.5172,24.2046,246.532,205.671,94.0598,974.091,975.245,62.9092,211.989,81.2189,993.577,78.7927,-421.19,35.7512,35.7512,35.7512,0.788887,-74.3144,318498,599.86,-70.5882,
401.884,272.045,-295.808,288.877,101.17,260.433,192.745,325.055,136.745,255.9,931.118,259.873,202.646,211.182,956.21,945.225,297.356,134.646,-526.418,-53.8065,-53.8065,-53.8065,8.18077,-106.056,167389,570.118,329.412,
422.397,286.481,-310.4,288.303,228.858,207.183,212.46,314.127,186.023,287.804,839.246,461.341,685.118,156.167,711.495,669.165,520.844,530.037,-546.141,-68.6487,-68.6487,-68.6487,9.48851,-81.6504,125655,310.001,223.529,
424.413,354.011,-234.1,237.89,340.698,86.3653,173.584,323.858,212.393,526.253,721.482,450.024,818.759,287.067,497.219,229.548,630.124,741.79,-483.955,80.0266,80.0266,80.0266,0.113893,20.6773,-23772.2,180.683,15.6863,
348.536,247.726,-245.172,247.602,173.403,173.5,146.43,140.933,283.15,58.0208,161.986,985.086,69.1781,985.029,157.902,995.916,58.9848,68.358,-475.223,10.0853,10.0853,10.0853,2.9624,-273.823,187284,-2.90239,-184.314,
571.432,493.458,-288.156,325.473,465.884,59.6135,197.601,535.968,15.057,967.888,250.87,16.0373,244.632,954.666,169.61,57.8603,160.24,985.381,-321.083,-257.566,-257.566,-257.566,184.405,-566.208,-178340,754.953,98.0392,
548.162,476.102,-271.678,286.244,467.369,10.6155,402.05,372.06,20.212,962.608,270.896,0.822166,270.264,960.562,65.4077,18.5084,62.7398,997.858,-350.942,-185.861,-185.861,-185.861,130.362,-522.107,74786.2,401.45,388.235,
379.753,359.027,-123.743,156.01,255.806,233.317,228.427,187.168,238.751,72.7167,293.579,953.165,28.005,954.717,296.194,996.959,48.2317,61.2021,-307.912,85.375,85.375,85.375,8.4192,-365.033,-30722.9,-368.745,-129.412,
347.955,180.682,-297.367,300.56,108.379,137.807,84.3875,233.742,243.55,238.068,803.897,545.044,856.475,438.397,272.504,458.011,401.943,792.886,-594.37,50.1172,50.1172,50.1172,0.222223,-55.4746,-10743.6,-2.25443,78.4314,
328.164,173.688,-278.432,281.518,68.8626,153.939,93.2747,216.482,228.313,163.334,858.936,485.337,829.983,385.576,403.062,533.338,336.988,775.88,-600.599,80.0486,80.0486,80.0486,0.287846,-143.053,69304.4,290.686,329.412,
611.586,507.318,-341.563,318.772,509.681,112.46,141.358,589.038,84.1975,947.28,296.476,121.504,319.726,899.393,298.107,20.8981,321.239,946.768,-372.489,-254.185,-254.185,-254.185,167.799,-602.857,-40393.6,-544.696,-141.176,
335.829,188.167,-278.162,294.111,27.3461,159.787,13.6644,312.747,121.59,303.277,950.938,61.1514,740.71,194.886,642.937,599.476,240.284,763.474,-477.843,-13.0726,-13.0726,-13.0726,1.40782,-185.036,100884,-433.506,-133.333,
597.685,445.354,-398.607,347.177,484.319,46.1653,150.069,576.294,50.9193,928.219,349.438,127.683,363.206,925.476,107.59,80.5719,146.242,985.962,-448.78,-312.207,-312.207,-312.207,188.923,-593.801,186641,195.21,-62.7451,
368.409,253.042,-267.76,258.346,260.789,31.1781,177.956,150.523,285.307,135.847,818.293,558.517,872.961,167.716,458.052,468.493,549.788,691.554,-478.997,-15.2678,-15.2678,-15.2678,12.6897,-240.653,-283568,-238.776,-196.078,
456.868,341.508,-303.481,257.755,314.066,208.934,236.748,234.99,312.183,411.012,488.01,770.01,798.377,215.052,562.447,440.072,845.931,301.227,-505.588,-26.6893,-26.6893,-26.6893,2.98216,37.3308,-23755.3,25.1946,317.647,
404.297,319.137,-248.209,211.615,341.39,46.13,235.944,244.513,219.088,381.55,616.6,688.639,923.944,232.381,303.853,27.3291,752.199,658.369,-514.185,5.96604,5.96604,5.96604,2.36461,129.793,-45857.1,-260.855,-521.569,
381.203,309.014,-223.218,189.558,314.382,102.699,231.223,300.688,37.9246,388.144,914.879,111.092,874.819,327.839,356.669,289.889,235.624,927.602,-489.848,74.2508,74.2508,74.2508,0.373663,88.1371,151706,-676.874,-31.3725,
342.016,290.725,-180.15,177.364,287.703,52.3787,197.11,279.223,12.5265,397.951,911.444,104.422,889.73,411.185,198.263,223.643,14.0085,974.571,-356.288,16.0953,16.0953,16.0953,3.50974,149.31,-150065,-102.233,-129.412,
383.441,307.105,-229.595,247.374,170.205,238.462,221.34,148.544,275.628,230.552,625,745.802,381.189,647.181,660.191,895.288,436.5,89.0344,-391.952,18.5673,18.5673,18.5673,4.2397,-310.077,-229305,-339.362,-482.353,
536.873,392.692,-366.095,369.481,389.298,12.7949,281.414,448.683,87.8808,975.718,190.254,108.53,200.26,975.582,90.1988,88.719,109.743,989.993,-416.218,-311.916,-311.916,-311.916,143.586,-434.087,15962.1,-265.224,141.176,
