68.8061,
-601.765,
-257.819,
-5.12355,
91.2077,
-45.7295,
174.255,
103.571,
-612.772,
-33.1978,
48.1359,
-669.471,
-251.257,
122.818,
-120.997,
52.1854,
-1.32953,
-593.49,
-229.097,
-554.616,
116.923,
85.7419,
-764.29,
86.4739,
41.0551,
-555.288,
-806.301,
-596.217,
45.6971,
-98.0208,
-6.95375,
-724.068,
-104.422,
-9.99058,
-300.081,
-953.357,
-655.727,
-207.324,
54.9328,
60.5979,
110.936,
-66.9647,
80.6288,
-738.087,
57.2989,
-568.749,
-562.561,
18.3625,
55.7001,
72.0215,
162.714,
-134.497,
-735.334,
-470.91,
124.854,
75.5762,
-742.054,
-736.512,
208.852,
67.7865,
-454.139,
-65.6991,
-104.674,
37.076,
14.3204,
-825.739,
-76.5638,
44.6978,
-587.597,
29.7418,
-457.531,
26.8464,
75.2504,
-561.828,
-396.801,
-524.928,
-663.275,
-642.141,
-207.952,
-673.244,
