1.51767,1.47407,0.361145,-0.0692757,1.08249,1.08249,1.08249,0.411455,
1.90698,1.8366,-0.513307,-1.5933,0.39723,0.39723,0.39723,0.139662,
0.696979,0.665245,-0.207914,-1.42858,1.18406,1.18406,1.18406,0.000814091,
0.690257,0.446333,-0.526538,-1.44618,0.491058,0.491058,0.491058,0.0179963,
0.669287,0.669221,0.00937593,-1.01992,1.08626,1.08626,1.08626,0.0201057,
0.899528,0.872838,-0.217496,-1.33192,0.742627,0.742627,0.742627,0.0198102,
1.96699,1.96325,-0.12126,-1.03281,0.936124,0.936124,0.936124,3.09843,
1.13285,1.11299,-0.211192,-0.995916,0.984528,0.984528,0.984528,0.108277,
0.595336,0.519709,-0.290392,-0.911963,0.644279,0.644279,0.644279,0.00027239,
0.608861,0.522396,-0.312752,-0.867826,0.600337,0.600337,0.600337,0.00314261,
0.822481,0.764979,-0.302128,-0.984661,0.534104,0.534104,0.534104,0.0101874,
0.596861,0.538511,-0.257389,-0.806109,0.548951,0.548951,0.548951,0.000497401,
0.860574,0.85759,-0.0716017,-0.834985,1.12987,1.12987,1.12987,0.0244208,
0.59509,0.540557,-0.248859,-0.83369,1.18321,1.18321,1.18321,0.000853473,
0.51878,0.376625,-0.356772,-0.906234,0.392087,0.392087,0.392087,5.75e-05,
2.25392,2.2477,-0.167434,-0.949846,0.826276,0.826276,0.826276,2.20354,
0.842507,0.689911,-0.483571,-1.07528,0.146805,0.146805,0.146805,0.00586196,
0.616104,0.549036,-0.279542,-1.0112,1.18992,1.18992,1.18992,2.26061e-05,
0.818404,0.723378,-0.382766,-1.42474,0.77873,0.77873,0.77873,0.00292924,
0.698485,0.646095,-0.26541,-0.699759,0.768088,0.768088,0.768088,0.0081606,
0.654022,0.653642,-0.0222749,-0.682102,1.04134,1.04134,1.04134,0.0311584,
0.721603,0.69387,-0.198128,-0.709852,0.678062,0.678062,0.678062,0.0122748,
0.690251,0.65437,-0.219649,-0.709041,0.702799,0.702799,0.702799,0.00300655,
0.592129,0.508136,-0.303998,-0.706806,0.492186,0.492186,0.492186,0.00301919,
0.606101,0.47243,-0.379695,-0.700296,0.393591,0.393591,0.393591,0.00125553,
0.657256,0.645122,0.12571,-0.755251,1.2075,1.2075,1.2075,1.63119e-05,
0.714203,0.707759,-0.0957265,-0.774123,1.16208,1.16208,1.16208,0.102151,
0.711444,0.701752,-0.117031,-0.769268,1.22414,1.22414,1.22414,0.000741906,
1.10663,1.10303,-0.0891868,-0.724999,0.488227,0.488227,0.488227,0.0858144,
0.751943,0.743365,-0.113257,-0.736919,1.11214,1.11214,1.11214,0.000268209,
0.987045,0.918096,-0.362433,-0.733526,0.262104,0.262104,0.262104,0.0919654,
0.69313,0.566596,-0.399247,-0.748045,0.478593,0.478593,0.478593,0.0519118,
1.07523,1.00812,-0.373925,-0.761648,0.227581,0.227581,0.227581,0.120052,
0.384752,0.302462,-0.237805,-0.730505,0.62245,0.62245,0.62245,0.00012327,
1.407,1.36258,-0.35077,-0.845714,0.265233,0.265233,0.265233,0.257523,
1.52471,1.49772,-0.285633,-0.834162,0.653673,0.653673,0.653673,0.911661,
