945.871,411.765,266.667,798.195,15.0206,421.19,654.474,847.063,425.873,50.4267,1.08362e-11,8.38609e-12,1.04536e-11,7.95057e-12,
918.75,301.205,325.49,1852.74,27.358,546.141,673.468,1035.39,489.25,231.128,2.02141e-13,1.87141e-13,8.40025e-14,8.47466e-14,
894.886,104.762,411.765,1722.72,19.1265,483.955,518.131,811.582,327.627,322.003,1.08714e-13,1.01264e-13,1.14427e-13,9.76958e-14,
1027.64,351.351,145.098,1178.09,16.558,475.223,801.31,1014.19,538.964,103.414,7.26068e-13,8.37355e-13,6.68122e-13,7.96627e-13,
908.203,387.097,243.137,1153.34,18.6602,350.942,518.761,678.431,327.489,279.617,2.84742e-13,3.17237e-13,2.7714e-13,3.05532e-13,
1361.61,613.139,537.255,837.753,14.5115,387.286,562.354,810.588,423.302,133.612,1.75546e-11,9.92933e-12,1.06168e-11,9.9826e-12,
140.625,322.581,121.569,1466.94,27.4799,559.752,752.15,1026.2,466.451,200.191,2.57426e-13,2.6928e-13,2.973e-13,4.44722e-13,
937.5,333.333,282.353,532.909,14.4654,424.906,521.19,819.429,394.523,264.941,7.59952e-12,8.18042e-12,7.48818e-12,8.40945e-12,
855.978,270.588,333.333,1238.76,19.7078,449.089,586.755,878.313,429.225,261.953,6.30548e-13,7.3956e-13,6.09609e-13,6.69954e-13,
1336.35,686.747,325.49,1078.9,17.4344,454.722,608.027,793.115,338.393,124.614,5.29459e-13,3.53244e-13,5.21188e-13,3.44276e-13,
881.25,446.429,219.608,1615.19,29.7876,594.37,621.2,961.106,366.736,193.94,3.83297e-14,3.75562e-14,3.81731e-14,3.73275e-14,
945.871,560,196.078,1579.97,27.2323,600.599,596.301,940.766,340.168,171.581,8.48193e-14,7.58777e-14,8.47907e-14,7.77839e-14,
830.966,125,690.196,1182.24,19.0777,505.588,486.207,853.405,347.816,235.466,1.32389e-12,1.74972e-12,1.299e-12,1.73757e-12,
867.188,83.3333,470.588,1184.92,20.7141,514.185,525.334,849.73,335.545,263.186,1.20505e-13,1.2005e-13,1.11301e-13,1.14932e-13,
937.5,276.923,254.902,1330.64,17.9613,489.848,534.174,845.162,355.314,270.261,6.02502e-14,5.0838e-14,6.15235e-14,5.67524e-14,
1359.38,578.231,576.471,391.124,10.5625,356.288,579.025,798.328,442.041,222.576,1.23623e-12,1.21094e-12,1.29181e-12,1.34061e-12,
