931.11,670.377,-646.19,-1423.58,31.6882,31.6882,31.6882,56.8348,245.804,
1315.44,1315.42,-6.73676,-814.135,718.302,718.302,718.302,0.0405193,266.546,
869.905,549.313,-674.529,-1393.71,55.3334,55.3334,55.3334,43.1656,301.273,
1284.53,1031.97,-764.889,-1468.33,13.2293,13.2293,13.2293,14.9006,-97.1889,
1210.96,1202.12,-146.082,-1358.16,485.372,485.372,485.372,12.2589,177.126,
569.119,512.185,-248.12,-722.906,489.817,489.817,489.817,8.48883,76.1628,
1067.82,1067.81,-4.22955,-613.226,626.745,626.745,626.745,17.573,-79.8723,
1442.6,1442.59,-2.52497,-701.295,783.214,783.214,783.214,255.471,-326.006,
862.761,446.038,-738.517,-1450.47,-14.9106,-14.9106,-14.9106,61.3158,182.645,
1119.16,807.001,-775.409,-1688,16.9509,16.9509,16.9509,65.1891,-59.5987,
