937.5,4.16667,941.176,419.783,0.0901587,65.2968,1131.31,1165.76,1100.47,72.763,0.000128405,7.4971e-05,0.000127632,7.86508e-05,159.785,151.695,995.312,
0,0,980.392,278.149,0.109913,51.0514,884.718,908.655,857.604,180.149,2.73201e-05,2.2124e-05,2.60582e-05,2.14354e-05,394.971,132.03,998.782,
937.5,4.01606,976.471,270.835,0.0190412,25.0522,872.967,888.976,863.924,31.6622,0.000118699,0.000109219,0.000113623,0.000106129,117.476,93.6054,998.148,
0,0,992.157,362.896,0.196198,61.7017,885.172,915.138,853.436,180.138,2.64018e-05,2.78028e-05,2.7126e-05,2.91405e-05,406.198,135.07,995.667,
0,0,992.157,629.337,0.0171496,43.0256,1027.45,1058.8,1015.78,121.061,3.47913e-05,3.73232e-05,3.63897e-05,3.8444e-05,262.144,135.495,999.778,
0,0,992.157,656.343,0.00768383,18.3959,1004.42,1013.67,995.276,32.044,0.000145308,0.000170251,0.000142975,0.000170259,137.291,85.1517,999.084,
0,0,992.157,699.454,0.0296749,31.4099,1002.69,1017.47,986.062,90.638,5.27662e-05,5.0196e-05,5.6028e-05,4.9879e-05,214.361,142.013,998.94,
0,0,992.157,693.824,0.0398049,36.2171,1021.63,1040.95,1004.73,97.0664,2.77578e-05,3.18552e-05,2.44954e-05,2.9746e-05,221.068,135.551,996.515,
0,0,992.157,653.875,0.0952952,61.6658,1054.61,1096.76,1035.09,251.208,2.27443e-05,1.98181e-05,1.25068e-05,1.19177e-05,367.463,206.932,997.604,
468.75,3.93701,996.078,954.422,0.290454,77.4437,803.286,837.669,760.225,41.9735,7.10604e-05,8.2543e-05,7.49237e-05,8.05675e-05,133.003,112.633,965.174,
1054.69,8.09717,968.627,790.466,0.205711,62.1075,962.906,991.235,929.127,99.4888,2.54541e-05,2.73652e-05,2.35242e-05,2.56916e-05,185.686,170.818,986.628,
937.5,4.16667,941.176,466.409,0.392079,131.225,713.872,800.777,669.552,286.993,1.48841e-05,1.48625e-05,1.68095e-05,1.7557e-05,364.684,237.452,993.644,
1015.62,13.2743,886.275,678.971,0.123989,61.2705,1198.67,1228.27,1166.99,77.4854,0.000109209,0.000106497,0.000115871,0.00011377,202.119,129.24,997.573,
0,0,976.471,465.665,1.80854,223.644,763.74,893.222,669.578,89.6165,3.63751e-05,3.58296e-05,3.43669e-05,3.44502e-05,207.476,173.059,916.805,
1328.12,13.3333,882.353,514.886,0.121601,68.5885,729.58,768.832,700.244,104.733,3.24639e-05,2.5664e-05,3.26134e-05,2.87054e-05,234.15,139.341,996.608,
0,0,992.157,1114.9,0.0204386,25.6059,564.96,579.332,553.726,22.0981,0.000215362,0.000218829,0.000225751,0.000216599,124.503,52.0147,992.725,
1210.94,25.974,905.882,576.506,0.431349,98.2814,813.254,866.836,768.554,33.454,0.000106337,0.000138476,0.000102968,0.000151293,171.019,74.8092,951.601,
0,0,992.157,837.39,0.117587,48.5464,763.741,789.31,740.764,50.092,9.56374e-05,7.85599e-05,0.000101208,8.84014e-05,165.502,89.9151,990.893,
878.906,16.3934,956.863,695.511,0.0505266,38.461,661.755,685.001,646.54,55.0658,0.000252043,0.000272062,0.000245682,0.000274478,148.029,121.327,999.625,
820.312,8.06452,972.549,1447.13,0.115294,60.4778,700.305,729.724,669.247,257.004,1.81101e-05,2.48178e-05,2.27027e-05,2.3402e-05,328.902,258.319,996.96,
937.5,8.47458,925.49,1132.07,0.0573194,36.4987,645.683,661.369,624.87,93.1828,7.6e-05,8.9337e-05,7.69664e-05,9.15843e-05,232.276,127.301,997.459,
0,0,992.157,1455.5,0.0131992,35.023,690.687,716.273,681.25,61.8096,3.85649e-05,5.53697e-05,4.24469e-05,5.15229e-05,161.181,117.017,999.074,
0,0,992.157,1445.47,0.0213282,37.1785,699.175,721.367,684.189,235.333,2.00878e-05,1.03458e-05,3.09283e-05,1.39206e-05,341.744,218.513,999.918,
1132.81,24.5902,956.863,663.477,0.0130042,18.4661,663.08,672.65,654.184,18.2246,0.000290648,0.000283993,0.000292284,0.000285531,138.698,46.9306,998.265,
1218.75,20.8333,941.176,642.074,0.0105893,19.2336,660.592,670.23,650.997,53.8788,0.000153576,0.000149668,0.000165326,0.000157387,143.955,120.026,999.853,
117.188,48.7805,964.706,550.004,0.069581,47.3919,688.114,707.019,659.627,55.6163,5.67946e-05,5.96796e-05,5.49451e-05,3.45569e-05,147.33,105.51,997.487,
1171.88,3.98406,984.314,794.328,0.169164,67.0058,1198.13,1227.25,1160.25,45.7878,0.000123428,0.000124949,0.000128723,0.000130202,140.312,118.634,978.783,
0,0,992.157,872.763,0.550616,91.4626,714.458,756.101,664.638,124.021,3.86157e-05,4.09563e-05,3.74416e-05,4.28883e-05,274.008,149.024,985.371,
93.75,20.7469,945.098,1176.33,0.106355,67.6231,744.301,781.031,713.408,352.196,1.86222e-05,2.09801e-05,1.77419e-05,2.0505e-05,367.221,277.153,999.374,
0,17.0213,921.569,742.142,0.115528,71.1426,749.116,773.021,701.878,103.659,3.57876e-05,7.34097e-05,4.39496e-05,6.89869e-05,187.926,181.112,999.241,
1138.39,29.0456,945.098,718.478,0.0205953,27.8952,703.681,715.992,688.096,123.579,0.000123837,0.000116079,0.000129843,0.000119963,248.951,157.279,999.437,
87.8906,34.4828,909.804,472.944,0.102092,46.5721,764.744,792.243,745.671,133.862,6.15859e-05,6.58043e-05,6.2715e-05,6.84743e-05,247.722,164.319,997.498,
0,0,988.235,675.567,0.0434871,47.4657,740.1,765.108,717.642,249.16,3.3954e-05,2.71586e-05,3.79618e-05,3.21669e-05,351.193,208.224,999.674,
996.094,71.1111,882.353,342.115,0.0338522,30.6889,684.44,700.464,669.775,20.1053,0.000221612,0.000201975,0.000224251,0.00019922,99.3244,65.3559,995.684,
996.094,16.5289,949.02,528.706,0.103969,62.4388,681.266,726.869,664.43,52.5035,6.4017e-05,6.8769e-05,6.73821e-05,7.4322e-05,166.478,109.025,992.954,
859.375,12.5523,937.255,378.701,0.103897,44.5925,675.938,702.096,657.503,127.965,5.95095e-05,5.96716e-05,5.67345e-05,5.716e-05,235.43,152.096,996.844,
