0.0746882,1.00375,194.648,0.855422,0.976471,0.0313675,0.549194,0.254006,
0.023231,0.592076,123.303,0.534314,0.8,0.0246334,0.306202,0.175232,
0.0970518,1.22869,162.449,0.644737,0.894118,0.115641,0.825673,0.521079,
0.0804261,1.22089,112,0.126582,0.929412,0.0961083,0.764396,0.415568,
0.120756,1.44518,279.273,0.993976,0.65098,0.0393644,0.698146,0.676398,
0.0387703,0.820323,100.588,0.845771,0.788235,0.177577,0.91256,0.360339,
0.08129,1.38042,183.774,0.957831,0.65098,0.0359959,0.590862,0.439658,
0.137181,1.35601,315.238,0.315,0.784314,0.0751357,0.74192,0.458472,
0.0259604,0.679067,302.222,0.181208,0.584314,0.0376038,0.371914,0.284648,
0.10531,1.47551,113.892,0.735683,0.890196,0.133091,0.773846,0.604621,
0.167669,1.50977,233.793,0.557692,0.203922,0.11987,0.826553,0.44081,
0.111377,1.53992,50.625,0.592593,0.847059,0.217413,1.10406,0.619335,
0.0967675,1.15247,220.777,0.418699,0.964706,0.103126,0.666188,0.549415,
0.0432171,0.683441,42.5197,0.590698,0.843137,0.0559047,0.423169,0.400148,
