1121.13,898.148,423.529,1210.06,0.167013,82.0674,308.857,345.565,263.497,517.261,584.973,280.993,998.469,
1237.07,592.157,1000,1055.19,0.118425,82.8259,287.551,313.489,230.663,171.637,307.271,176.14,998.668,
1064.27,700.441,890.196,1042.56,3.0437,276.002,549.134,628.828,352.826,605.647,712.135,269.551,999.573,
36.1328,991.736,949.02,786.822,0.17589,71.5214,434.476,459.147,387.625,329.12,391.437,253.448,996.172,
1360.96,920,882.353,805.937,0.200163,74.6498,428.89,458.022,383.373,347.97,416.999,252.064,995.77,
735.085,113.99,756.863,800.164,0.750233,200.996,364.658,399.398,198.402,388.69,514.171,216.86,997.818,
1224.3,923.077,968.627,768.765,1.78171,218.428,337.943,402.89,184.461,208.549,401.125,166.472,962.947,
111.826,676.991,886.275,658.765,0.26835,113.292,468.657,528.553,415.261,685.343,863.979,236.692,997.507,
303.309,255.639,521.569,510.82,0.516797,125.425,445.002,505.257,379.832,658.343,875.793,223.721,990.458,
372.561,800.926,847.059,705.547,0.855416,165.39,414.695,466.396,301.006,384.497,508.559,231.939,983.247,
