1.31891,1.28734,0.286843,-0.913341,0.929092,0.929092,0.929092,0.853526,
1.46417,1.37277,0.509196,-0.302736,1.08412,1.08412,1.08412,0.534038,
1.43632,1.28169,0.648298,0.00467211,1.15826,1.15826,1.15826,0.958773,
0.844866,0.840302,-0.0876934,-0.744503,0.360137,0.360137,0.360137,0.234975,
1.27211,1.18849,0.453602,-0.45294,0.819006,0.819006,0.819006,0.933084,
0.5907,0.443615,0.390041,-0.716515,0.927471,0.927471,0.927471,0.0099539,
1.14967,1.10416,0.320279,-0.81197,0.823927,0.823927,0.823927,0.322493,
1.37265,1.37259,-0.0130405,-0.848858,0.838616,0.838616,0.838616,1.08891,
1.19598,1.15808,0.29868,-0.434916,0.894807,0.894807,0.894807,0.705964,
0.98091,0.890091,0.412218,-0.544224,0.94048,0.94048,0.94048,0.569026,
1.44289,1.40344,0.335091,-1.09402,1.21302,1.21302,1.21302,0.945463,
1.10535,1.01834,0.429854,-0.143533,0.984547,0.984547,0.984547,0.470614,
1.12451,1.01435,0.485387,-0.162756,0.943925,0.943925,0.943925,0.39596,
1.17103,1.01391,0.585901,-0.0549961,1.00728,1.00728,1.00728,0.731642,
1.3483,1.26581,0.464389,-0.0257992,1.05256,1.05256,1.05256,0.320711,
1.22734,1.03233,0.66382,-0.0331014,1.0245,1.0245,1.0245,0.590004,
1.46425,1.31771,0.638497,0.217911,1.03811,1.03811,1.03811,1.09482,
