0.29051,0.165968,0.238434,0.0292561,0.461623,0.461623,0.461623,0.00221691,
0.521941,0.468191,0.230694,0.0322526,0.432383,0.432383,0.432383,0.0312176,
0.942799,0.914228,0.230341,-0.0232153,0.434285,0.434285,0.434285,0.270514,
0.225974,0.0545994,0.219279,-0.00916225,0.37842,0.37842,0.37842,1.61567e-05,
0.457909,0.355484,0.288638,0.110665,0.456405,0.456405,0.456405,0.0156775,
1.20592,1.18634,0.216414,0.0228301,0.429488,0.429488,0.429488,0.730685,
0.410763,0.27925,0.30124,0.0861607,0.499692,0.499692,0.499692,0.0437658,
0.351847,0.183539,0.300183,0.100429,0.478632,0.478632,0.478632,0.020926,
0.447119,0.347956,0.280788,-0.00537831,0.463013,0.463013,0.463013,0.0554769,
0.243326,0.129805,0.205811,0.0200042,0.374615,0.374615,0.374615,0.00163756,
0.227225,0.119825,0.193063,0.015979,0.383204,0.383204,0.383204,0.00182388,
0.252302,0.148791,0.203759,-0.00212073,0.393748,0.393748,0.393748,9.56757e-05,
0.358441,0.256864,0.250002,0.0538276,0.440587,0.440587,0.440587,0.0282899,
0.612256,0.557544,0.252985,0.0592412,0.444412,0.444412,0.444412,0.0326796,
0.616282,0.564617,0.247004,0.0468481,0.430823,0.430823,0.430823,0.0571174,
0.328583,0.213246,0.249986,0.0522617,0.434647,0.434647,0.434647,0.0128831,
