-0.528449,
-0.563261,
0.0880404,
0.0603642,
0.0761129,
-0.216515,
-0.0119837,
-0.00894908,
-7.07656e-05,
0.031659,
0.0579449,
-0.442087,
-0.348476,
-0.00910085,
-0.444196,
-0.527066,
-0.467337,
-0.441366,
-0.531633,
-0.501751,
-0.428866,
-0.580275,
-0.59317,
-0.521406,
-0.523528,
-0.424791,
-0.583019,
-0.418556,
0.049302,
-0.315394,
-0.605399,
0.0444794,
-0.520797,
-0.530922,
-0.522309,
-0.533384,
-0.533488,
-0.503602,
-0.513716,
-0.456469,
-0.586089,
-0.526528,
-0.55506,
-0.513907,
-0.474416,
-0.538883,
