214.86,213.293,25.9026,89.8403,31.4075,192.632,193.868,89.55,23.6764,9.48898,998.229,58.7347,13.026,58.609,998.196,999.87,10.2369,12.4468,-398.741,407.186,407.186,407.186,0.0890865,-62.4446,237998,-73.0883,-294.118,
181.328,181.322,1.4981,85.3358,151.41,51.6979,151.914,98.8143,6.12776,87.3141,995.422,38.866,938.084,69.0305,339.46,335.224,66.0993,939.817,-384.902,403.031,403.031,403.031,0.00601259,-113.178,9907.9,461.24,109.804,
174.14,174.118,-2.75612,95.8816,104.794,100.746,147.426,92.2826,8.61828,25.6076,999.55,15.6263,670.982,5.59865,741.452,741.031,29.4718,670.824,-394.405,410.453,410.453,410.453,0.0356324,-100.895,4269,-318.564,113.725,
191.959,190.235,25.6704,97.4701,154.644,58.5914,168.743,90.7509,11.7587,39.5158,999.16,10.8321,955.481,34.6117,293.015,292.394,21.9286,956.046,-402.536,428.93,428.93,428.93,0.343555,-115.773,-51012.4,-189.655,356.863,
205.499,198.046,54.8432,126.727,93.2331,132.204,139.168,124.305,86.0844,76.7793,980.619,180.251,217.205,159.992,962.925,973.102,113.084,200.712,-162.581,394.639,394.639,394.639,0.280043,-91.4953,87604.9,296.919,-15.6863,
179.374,178.644,-16.1592,77.8091,83.3415,138.473,155.146,88.2376,17.8505,74.7869,991.184,109.37,470.946,61.5687,880.011,878.986,117.321,462.19,-406.74,339.896,339.896,339.896,0.00685559,-96.9877,-332549,439.586,192.157,
171.016,170.957,-4.4719,88.3298,146.247,7.47285,140.868,96.3951,10.5127,55.5853,998.423,7.9087,990.269,56.14,127.34,127.583,0.75353,991.828,-403.103,410.173,410.173,410.173,0.0053938,-100.871,136348,94.69,-188.235,
190.395,189.64,16.9365,95.583,158.853,43.3572,163.214,97.52,10.0638,12.8434,999.751,18.2327,976.656,16.4527,214.177,214.424,15.0563,976.625,-387.08,421.639,421.639,421.639,0.175546,-114.249,151309,187.451,133.333,
189.659,188.472,21.1837,74.5849,134.546,110.927,171.796,71.7933,36.0847,2.45573,995.105,98.7925,655.851,72.9748,751.355,754.887,66.6383,652.461,-423.062,419.196,419.196,419.196,0.00601234,-88.0089,-88118.7,-199.184,-247.059,
180.882,180.798,-5.50151,94.0126,152.495,25.0021,154.772,93.6134,0.539224,2.57441,999.993,2.60659,986.51,2.96632,163.671,163.678,2.15008,986.512,-413.798,408.569,408.569,408.569,0.0767908,-109.123,22130.6,76.3217,66.6667,
