148.026,106.742,698.039,1250.55,0.161332,85.4299,845.214,884.712,799.282,1089.24,1.09781e-10,1.01357e-10,1.21573e-10,1.04287e-10,
133.929,101.449,811.765,1093.05,0.131272,88.0139,823.963,875.228,787.214,257.813,3.56949e-10,4.63848e-10,2.22477e-10,4.03721e-10,
39.0625,80,588.235,420.049,0.282249,116.864,691.039,764.283,647.419,400.539,8.99547e-09,8.67501e-09,8.89507e-09,8.64002e-09,
1289.06,55.8139,843.137,1000.28,0.12933,81.2657,693.673,746.344,665.079,793.254,4.96041e-10,5.15197e-10,6.27293e-10,6.95145e-10,
1328.12,12.766,921.569,1000.47,1.48502,175.731,727.322,845.253,669.522,861.404,5.99615e-10,5.98443e-10,9.38109e-10,8.04207e-10,
1250,93.75,878.431,586.62,0.940298,138.668,760.939,813.797,675.129,171.267,2.25955e-09,2.56414e-09,2.07279e-09,2.29606e-09,
1316.11,66.6667,764.706,717.58,0.1828,95.82,635.338,677.525,581.705,559.657,1.00965e-09,1.02456e-09,1.04318e-09,1.11442e-09,
1363.64,60.7735,709.804,592.137,0.39954,95.0196,658.02,718.561,623.541,1402.22,3.65349e-10,4.07519e-10,3.33163e-10,3.55879e-10,
1135.82,66.3265,768.627,852.202,0.0707275,47.2636,630.273,648.187,600.923,41.5959,1.64164e-08,1.55893e-08,1.52167e-08,1.30426e-08,
1125,26.455,741.177,692.442,0.477869,118.062,658.89,722.011,603.949,914.002,1.98866e-10,2.11221e-10,2.13021e-10,2.21082e-10,
13.7868,113.333,588.235,695.478,0.467367,89.8565,657.379,717.457,627.6,279.352,2.19579e-09,2.32689e-09,2.26179e-09,2.54928e-09,
1282.17,92.3913,721.569,585.555,0.244364,106.793,658.264,721.218,614.426,496.064,1.1333e-09,1.16035e-09,1.26529e-09,1.27865e-09,
117.188,150.538,364.706,1301.1,1.39137,166.835,789.129,838.56,671.725,1596.99,2.02645e-10,1.88055e-10,1.81558e-10,1.66975e-10,
132.473,144.654,623.529,744.567,0.500398,153.529,730.775,821.8,668.271,1853.56,7.35047e-10,6.93061e-10,7.46861e-10,6.94855e-10,
0,113.924,309.804,2719.21,0.263968,103.081,722.469,782.15,679.069,314.788,6.66745e-08,7.12733e-08,8.13056e-08,8.01031e-08,
1282.89,111.765,666.667,431.86,0.150118,68.9716,693.644,732.008,663.036,201.432,3.01895e-08,3.15927e-08,3.09434e-08,3.30335e-08,
87.8906,40.6091,772.549,609.44,0.400247,110.871,652.436,719.491,608.621,1080.57,1.22489e-10,6.73519e-11,7.95369e-11,6.62304e-11,
104.167,54.878,643.137,655.706,0.28721,97.9548,638.292,695.266,597.311,974.356,2.25589e-10,2.47936e-10,2.10806e-10,2.58459e-10,
117.188,29.703,792.157,650.908,0.409665,107.778,686.93,753.155,645.378,1141.88,7.44292e-11,7.73716e-11,8.18939e-11,8.03617e-11,
100.446,58.3333,470.588,633.59,0.429827,142.028,620.268,728.993,586.965,794.694,1.70062e-10,2.12483e-10,1.84582e-10,2.17888e-10,
125,130.435,450.98,637.729,0.939133,146.831,612.758,725.587,578.756,906.47,3.91966e-10,3.9002e-10,4.02135e-10,3.96612e-10,
0,13.5135,870.588,639.461,0.37878,103.044,664.583,721.971,618.927,784.438,1.26197e-10,1.31071e-10,1.26786e-10,1.375e-10,
98.1105,405.66,415.686,450.169,2.11826,201.107,728.281,841.873,640.765,461.867,5.22121e-10,8.95608e-10,1.01253e-09,9.02692e-10,
80.1809,457.831,325.49,376.824,0.142437,97.9831,732.317,766.468,668.485,154.727,4.98592e-09,4.6312e-09,4.78637e-09,4.50932e-09,
0,67.3077,815.686,556.876,0.0231196,27.1257,713.788,731.215,704.089,86.7807,6.12188e-09,4.88985e-09,6.2914e-09,5.21019e-09,
24.6711,81.8965,909.804,3815.98,0.637755,102.318,591.831,649.334,547.016,181.394,1.56457e-08,1.6658e-08,1.49306e-08,1.65432e-08,
1316.11,67.0103,760.784,790.112,0.119115,57.1131,784.26,809.979,752.866,103.325,7.47964e-09,8.53369e-09,6.97912e-09,8.27132e-09,
156.25,12.5523,937.255,683.554,0.150223,78.2639,650.336,672.974,594.71,565.045,1.9124e-09,2.09678e-09,1.93311e-09,2.25816e-09,
58.5938,20.1005,780.392,698.88,0.0903162,107.539,646.337,686.447,578.908,1294.05,2.44717e-10,2.13579e-10,2.1849e-10,1.91516e-10,
100.446,30.1724,909.804,645.052,0.0354099,47.5506,640.341,666.99,619.44,1200.9,2.80439e-10,2.97694e-10,2.54637e-10,2.80435e-10,
117.188,8.09717,968.627,761.173,0.267305,89.0641,650.211,687.45,598.386,856.639,6.31317e-10,6.99322e-10,6.75885e-10,7.52182e-10,
117.188,8.69565,901.961,605.486,0.467227,141.713,548.959,621.438,479.725,1400.63,8.63722e-11,7.6873e-11,9.24697e-11,7.53252e-11,
31.9602,117.021,737.255,708.891,0.0567314,62.6518,670.559,703.386,640.734,177.943,4.29048e-09,3.54295e-09,4.08962e-09,3.22795e-09,
33.4821,28.6885,956.863,655.903,0.0293036,27.3187,602.896,616.952,589.633,192.56,2.13975e-09,2.0496e-09,2.07638e-09,1.98278e-09,
58.5938,16.3265,960.784,724.635,0.0236094,30.6575,612.431,631.465,600.807,283.716,4.45007e-09,3.33327e-09,4.33778e-09,3.70642e-09,
29.2969,34.7826,901.961,548.67,0.985724,143.971,625.566,701.715,557.744,1197.31,1.88288e-10,1.79161e-10,1.76823e-10,1.59556e-10,
78.125,12.3457,952.941,651.359,0.59388,169.265,641.318,701.226,531.96,1181.25,5.23572e-10,4.83513e-10,3.57405e-10,4.34358e-10,
1044.03,64.3275,670.588,538.856,0.0251809,28.533,681.412,698.228,669.695,91.7908,1.40695e-08,1.39087e-08,1.73774e-08,1.74218e-08,
