945.871,417.91,262.745,812.959,11.3588,420.89,677.504,847.063,426.172,33.9455,224.509,110.859,316.624,
133.929,318.182,172.549,767.055,13.1352,458.35,479.892,700.512,242.162,365.024,586.12,278.624,574.017,
973.558,245.283,207.843,1566.97,10.9242,391.087,874.921,1055.21,664.121,55.8453,246.149,211.976,233.342,
951.287,265.625,250.98,1562.15,10.2942,386.864,860.229,1035.39,648.528,40.8835,219.653,203.792,216.418,
1001.42,211.538,203.922,1397.35,10.3146,459.92,632.365,811.582,351.662,123.036,264.127,226.434,535.277,
1054.69,352.941,133.333,1152.04,11.5218,414.071,831.017,1014.19,600.115,32.4448,220.416,169.709,229.307,
1132.81,166.667,141.176,1661.23,4.4335,312.574,754.775,862.173,549.6,13.4347,154.928,92.9732,161.741,
1342.33,714.286,301.961,4254.41,2.81856,242.612,906.95,967.443,724.831,34.7897,235.798,75.2614,461.827,
957.88,315.069,286.275,1063.61,4.38653,318.883,752.853,864.86,545.977,34.1789,165.371,126.456,521.126,
937.5,298.851,341.176,1259.1,0.0200782,25.6536,679.453,691.221,665.567,15.7038,155.939,31.273,984.478,
902.778,375,282.353,1449.14,0.347468,89.6971,653.41,678.431,588.734,33.1733,209.867,53.1351,953.125,
965.074,472.222,141.176,1192.67,6.37568,294.243,507.924,632.485,338.242,2.7936,171.766,38.7936,140.037,
1381.39,507.692,509.804,824.02,5.69051,292.425,677.032,810.588,518.164,35.4305,200.508,138.064,351.513,
140.625,344.828,113.725,1506.5,13.5238,559.752,825.744,1026.2,466.451,70.4969,256.897,243.377,316.346,
920.351,350.427,458.824,1176.18,0.0981527,65.1306,1137.77,1151.45,1086.31,20.3599,148.405,40.256,991.913,
937.5,278.481,309.804,465.012,0.680574,124.914,766.57,819.429,694.515,40.4804,213.513,60.5583,882.961,
894.886,268.293,321.569,1080.93,5.84572,307.59,783.972,878.313,570.724,33.4689,251.95,97.7728,287.724,
1323.24,500,376.471,1148.18,0.155661,55.477,741.95,761.555,706.078,15.9754,153.309,31.3286,891.62,
1340.46,695.122,321.569,1114.54,7.47615,379.928,661.137,793.115,413.187,39.1006,236.416,149.287,323.054,
958.807,117.021,368.627,1203.9,2.36516,249.147,764.698,794.041,544.894,46.4695,231.365,87.6284,637.786,
882.353,340,196.078,1597.17,16.2717,583.718,707.6,961.106,377.388,106.965,302.567,245.125,239.052,
87.8906,177.778,176.471,1318.43,14.2906,538.619,617.963,814.445,275.826,45.438,239.965,223.724,38.6541,
957.88,522.727,172.549,1629.45,15.321,574.949,683.951,940.766,365.817,94.1265,333.925,219.635,180.928,
910.714,307.018,447.059,1032.38,0.166975,87.1773,742.051,758.245,671.068,15.0033,145.022,35.4966,933.299,
945.871,368.421,298.039,1022.04,11.4272,425.2,731.295,910.514,485.314,54.243,227.126,220.8,258.46,
904.018,285.714,384.314,1313.63,0.147771,63.346,824.127,840.661,777.315,19.5372,151.073,36.7387,888.714,
911.458,272.727,258.824,1825.54,11.0814,363.412,699.072,850.194,486.782,33.1017,292.518,103.212,181.183,
825,147.929,662.745,931.757,10.0888,377.358,718.888,853.405,476.047,27.5033,238.086,95.6392,289.56,
852.273,100.917,427.451,1074.28,11.1921,412.07,659.039,849.73,437.66,57.456,234.264,201.877,277.939,
937.5,258.621,227.451,1219.65,12.1712,436.212,657.315,845.162,408.95,65.4523,242.348,229.947,289.236,
1354.17,600,529.412,214.364,4.74919,281.34,669.756,798.328,516.988,55.8793,218.759,145.089,381.292,
987.723,254.545,215.686,1192.95,11.5521,360.278,736.52,870.118,509.84,38.5267,291.774,111.066,272.17,
880.49,349.057,415.686,975.982,0.0700377,39.7331,783.186,797.077,757.344,10.802,90.0203,40.7246,972.576,
