1054.69,304.348,180.392,1649.18,2.28826,211.767,767.071,845.244,633.477,28.2332,197.437,92.8502,107.776,
65.625,223.214,439.216,4458.89,8.04122,410.925,768.765,918.745,507.82,43.4395,242.009,151.133,314.803,
1312.5,384.615,101.961,3163.52,8.29341,353.736,639.366,830.274,476.538,65.2408,232.965,190.078,342.663,
1078.12,333.333,58.8235,978.472,5.24406,288.368,849.974,962.528,674.16,43.3112,223.45,155.621,374.323,
1171.88,285.714,54.902,1213.99,10.2643,372.945,473.761,661.416,288.471,58.8582,224.606,212.574,366.268,
1093.75,250,47.0588,1084.35,9.55365,363.484,484.267,663.528,300.043,21.7329,209.448,98.2051,360.184,
0,242.424,129.412,1092.57,2.88316,235.833,667.402,740.742,504.909,4.54736,148.167,85.2964,47.9207,
0,73.1707,160.784,1213.33,5.94098,291.469,686.54,780.755,489.286,39.0555,226.528,154.119,457.695,
39.0625,315.789,149.02,1083.1,33.1396,644.381,491.435,808.764,164.383,37.0319,382.905,96.2354,213.857,
117.188,111.111,141.176,1927.04,11.5887,411.074,631.465,827.348,416.275,26.8615,221.656,150.106,205.054,
1054.69,240,98.0392,2064.9,7.03089,329.772,767.285,933.761,603.99,6.87733,171.182,55.5958,186.5,
1015.62,288.462,203.922,1579.85,5.65624,307.502,866.276,957.807,650.306,48.0794,215.581,156.779,310.496,
1054.69,315.789,74.5098,902.837,10.8274,393.216,645.956,840.539,447.323,26.4312,214.962,134.129,240.4,
1078.12,384.615,101.961,1383.12,10.9831,394.436,661.608,837.66,443.224,43.8744,249.283,156.911,329.427,
1289.06,193.548,121.569,1210.26,11.9357,376.033,683.136,858.538,482.505,27.9527,227.412,136.92,278.233,
937.5,62.5001,62.7451,998.416,4.95191,275.233,659.564,772.026,496.794,19.4059,156.733,111.4,395.155,
