0,168.067,466.667,729.796,10.2348,349.446,632.285,724.031,374.585,3.65818,365.064,158.047,7.74718,
1382.81,173.913,450.98,744.933,9.36847,382.879,602.195,686.82,303.942,39.0104,937.918,183.597,31.6695,
78.125,151.26,466.667,761.312,7.52845,310.008,776.756,903.811,593.803,23.2975,494.373,161.19,54.4048,
93.75,176.991,443.137,760.865,6.15327,267.004,782.496,900.107,633.102,1.03806,157.327,35.2393,43.6378,
58.5937,93.0233,505.882,808.194,6.85653,360.316,882.045,948.717,588.4,24.0342,647.407,129.321,82.5936,
0,97.9021,560.784,780.554,10.9138,381.488,745.987,925.231,543.742,17.8517,220.02,202.363,87.2962,
1235.8,77.4648,556.863,878.195,14.6413,447.344,937.383,1030.52,583.175,19.1228,385.612,188.063,48.2796,
1339.29,89.172,615.686,945.196,16.5647,441.046,828.843,1021.59,580.544,23.5855,320.288,235.502,33.6832,
1298.08,84.9673,600,728.778,12.8178,427.388,943.199,1034.84,607.453,24.4407,521.745,176.761,76.8244,
1394.53,136.986,572.549,539.531,16.0849,507.804,734.612,989.144,481.34,20.8828,266.157,143.96,83.064,
1370.19,134.021,380.392,782.304,6.71736,358.134,906.85,1039.64,681.501,66.1907,713.228,144.052,47.7178,
1303.71,125.984,498.039,865.02,8.1543,407.203,760.014,956.672,549.469,97.8623,473.882,184.448,311.363,
1347.66,135.593,462.745,765.332,40.334,752.05,401.429,728.366,-23.6839,37.5731,405.261,248.328,18.8764,
61.6776,122.581,607.843,975.549,13.8263,514.36,608.371,777.163,262.803,77.526,489.425,228.745,110.791,
35.1562,208.333,376.471,472.237,13.4802,424.101,664.446,762.614,338.514,45.6162,1010.41,195.118,40.1904,
21.3068,66.6667,647.059,1093.16,43.1386,735.119,405.098,721.777,-13.3417,113.02,456.188,320.345,86.4297,
19.5312,70.5882,666.667,530.642,43.001,731.061,361.518,733.806,2.74419,23.1856,420.8,95.6516,79.0086,
19.5312,71.8563,654.902,1118.9,42.6731,725.327,384.839,722.781,-2.54631,93.036,425.159,340.776,51.2549,
1312.5,81.9672,239.216,961.724,4.06589,295.339,510.072,645.957,350.618,5.80074,195.27,126.132,39.5886,
19.5312,71.0059,662.745,1076.98,39.7163,710.952,395.118,709.42,-1.53184,25.5737,399.037,215.776,46.3653,
58.5938,172.414,454.902,760.156,6.7648,380.654,595.519,747.398,366.744,21.4637,244.434,135.209,54.6581,
106.534,188.034,458.824,675.371,3.84627,260.88,537.773,647.139,386.259,14.3324,216.805,118.436,30.4722,
43.9453,108.844,576.471,660.723,3.21564,205.414,649.652,701.595,496.181,5.05655,382.94,93.2798,43.9702,
56.25,217.391,450.98,698.89,9.25019,331.341,663.132,757.896,426.554,8.28327,305.362,139.702,77.2434,
1359.38,135.135,435.294,714.743,30.878,729.564,589.575,790.828,61.264,79.3234,656.396,284.202,77.4482,
1334.13,98.4849,517.647,799.024,36.4638,725.493,507.758,762.899,37.4062,63.6016,772.216,355.01,77.6873,
31.25,136.364,431.373,749.396,16.8491,448.819,510.17,663.255,214.436,20.2931,396.536,190.666,3.79701,
37.5,160.256,611.765,898.738,2.19787,201.982,598.405,668.164,466.182,7.45938,171.813,77.8897,38.2086,
97.6562,242.424,388.235,1054.48,11.7662,444.218,559.513,804.63,360.412,52.1293,568.789,143.521,65.6196,
1390.62,97.4026,603.922,764.485,0.0558591,39.1945,722.317,741.908,702.714,17.1312,282.063,17.5791,766.166,
24.671,134.752,552.941,823.383,34.7234,699.661,414.446,730.24,30.5799,64.3683,442.564,329.418,13.8617,
42.6136,156.028,552.941,653.636,27.5548,688.204,532.294,771.361,83.1573,90.917,1160.09,303.023,23.463,
23.4375,90.0901,435.294,623.143,4.22443,254.203,560.119,673.51,419.308,12.5977,181.611,130.08,76.3735,
39.0625,73.1707,321.569,580.465,2.53641,249.993,628.878,682.72,432.726,16.5091,530.172,89.2446,6.43151,
0,30.7693,509.804,1156.96,3.88741,234.299,615.531,708.67,474.37,16.0976,286.477,115.351,20.6373,
58.5938,72.0721,435.294,561.554,17.1605,466.826,482.049,673.865,207.039,22.4976,520.537,230.417,29.3673,
