851.673,827.176,-202.799,-393.054,-23.1894,-23.1894,-23.1894,78.2944,-23.2492,
647.645,604.655,-232.028,-393.757,-45.6766,-45.6766,-45.6766,78.446,-302.166,
494.467,418.969,-262.608,-431.868,-57.0636,-57.0636,-57.0636,6.52153,47.5105,
343.181,240.865,-244.453,-428.657,-58.8019,-58.8019,-58.8019,6.8988,141.094,
486.401,426.126,-234.526,-411.614,-47.8333,-47.8333,-47.8333,24.5112,201.053,
367.993,282.137,-236.258,-420.828,-44.0332,-44.0332,-44.0332,6.70852,152.374,
442.068,387.683,-212.429,-528.072,36.599,36.599,36.599,13.871,129.44,
532.335,460.66,-266.782,-438.471,-61.2153,-61.2153,-61.2153,6.41497,254.338,
380.978,260.713,-277.8,-457.272,-65.4339,-65.4339,-65.4339,12.3027,131.269,
439.058,331.267,-288.157,-551.639,61.9898,61.9898,61.9898,25.1359,110.57,
770.687,759.893,-128.536,-382.738,215.555,215.555,215.555,149.289,341.639,
341.155,268.966,-209.868,-408.847,44.1054,44.1054,44.1054,1.24871,91.5407,
452.796,375.459,-253.091,-457.893,-63.1587,-63.1587,-63.1587,46.6406,250.638,
331.814,219.397,-248.929,-470.295,-29.5678,-29.5678,-29.5678,5.62642,63.3491,
282.413,172.837,-223.348,-413.747,-31.0296,-31.0296,-31.0296,1.92202,70.3811,
358.562,294.073,-205.154,-370.853,-13.728,-13.728,-13.728,3.75594,47.218,
369.758,289.678,-229.798,-398.882,-40.8633,-40.8633,-40.8633,2.77444,20.2498,
736.949,707.384,-206.644,-379.142,-13.9157,-13.9157,-13.9157,103.92,88.4811,
