0.822276,0.644031,0.511236,-0.36139,1.19156,1.19156,1.19156,0.00109602,
1.12664,1.04971,0.409167,-0.735465,1.28924,1.28924,1.28924,0.0317143,
0.86663,0.780205,0.377264,-0.930945,1.00905,1.00905,1.00905,0.00055505,
1.3225,1.20023,0.555398,-0.713665,1.20983,1.20983,1.20983,0.137977,
0.753123,0.583334,0.476358,-0.0805758,1.22176,1.22176,1.22176,0.00367255,
1.58076,1.48219,0.549466,-0.290061,1.07418,1.07418,1.07418,0.432627,
3.5649,3.56366,0.0940753,-0.885825,1.0114,1.0114,1.0114,8.66072,
1.11714,1.07999,0.285693,-0.836547,1.06733,1.06733,1.06733,0.367176,
0.629561,0.335474,0.532733,-0.0189168,1.05018,1.05018,1.05018,2.71056e-05,
1.50531,1.50294,0.084454,-0.713152,0.557192,0.557192,0.557192,0.930528,
1.95777,1.83797,0.674333,-0.642468,1.34328,1.34328,1.34328,2.64248,
0.823311,0.819751,0.0764797,-0.639582,0.520377,0.520377,0.520377,0.0309971,
