334.954,236.715,236.982,17.0166,438.041,438.041,438.041,5.10246,-147.954,
1620.18,1590.67,307.819,124.458,491.265,491.265,491.265,1660.05,-346.57,
1145.86,1095.87,334.752,118.255,558.476,558.476,558.476,542.476,-44.2263,
854.312,798.107,304.754,43.3874,510.505,510.505,510.505,197.993,-136.406,
347.098,247.337,243.519,7.09039,460.595,460.595,460.595,9.23653,-67.4534,
542.965,514.116,174.628,-20.8236,374.31,374.31,374.31,97.8427,-436.219,
420.408,368.938,201.562,-27.0268,441.521,441.521,441.521,29.2112,-133.875,
753.467,733.675,171.563,-101.894,393.55,393.55,393.55,150.267,-226.055,
1210.69,1205.65,110.328,-138.191,343.64,343.64,343.64,599.712,-157.102,
290.51,165.968,238.434,29.2561,461.623,461.623,461.623,2.21691,-92.1247,
521.941,468.191,230.694,32.2526,432.383,432.383,432.383,31.2176,-162.515,
942.799,914.228,230.341,-23.2153,434.285,434.285,434.285,270.514,-290.794,
1290.26,1262.94,264.114,59.3958,481.099,481.099,481.099,808.816,346.075,
869.966,831.332,256.374,62.3923,451.86,451.86,451.86,137.482,275.684,
446.984,366.398,256.021,6.92439,453.761,453.761,453.761,6.9394,147.406,
398.72,342.243,204.566,10.5964,385.681,385.681,385.681,36.0229,-189.967,
227.225,119.825,193.063,15.979,383.204,383.204,383.204,1.82388,-36.2087,
243.326,129.805,205.811,20.0042,374.615,374.615,374.615,1.63756,-18.7122,
252.302,148.791,203.759,-2.12073,393.748,393.748,393.748,0.0956757,-39.5275,
371.581,234.807,287.99,53.1021,490.121,490.121,490.121,14.224,-121.772,
621.291,546.343,295.823,82.2651,459.821,459.821,459.821,158.451,-305.194,
490.545,315.104,375.957,82.0208,1110.49,1110.49,1110.49,68.6358,-79.3209,
391.961,303.211,248.387,40.2415,426.795,426.795,426.795,21.1359,-154.591,
358.441,256.864,250.002,53.8276,440.587,440.587,440.587,28.2899,-154.552,
612.256,557.544,252.985,59.2412,444.412,444.412,444.412,32.6796,-164.877,
616.282,564.617,247.004,46.8481,430.823,430.823,430.823,57.1174,-104.733,
328.583,213.246,249.986,52.2617,434.647,434.647,434.647,12.8831,-115.058,
225.974,54.5994,219.279,-9.16225,378.42,378.42,378.42,0.0161567,15.8627,
457.909,355.484,288.638,110.665,456.405,456.405,456.405,15.6775,131.164,
211.573,84.8108,193.83,-17.66,388.389,388.389,388.389,0.00829743,-19.5538,
447.58,368.37,254.227,64.1502,455.326,455.326,455.326,6.80979,-105.727,
447.119,347.956,280.788,-5.37831,463.013,463.013,463.013,55.4769,-181.938,
441.008,328.205,294.568,61.6189,494.661,494.661,494.661,57.7939,-237.364,
351.847,183.539,300.183,100.429,478.632,478.632,478.632,20.926,-90.9335,
1205.92,1186.34,216.414,22.8301,429.488,429.488,429.488,730.685,-400.006,
410.763,279.25,301.24,86.1607,499.692,499.692,499.692,43.7658,-154.511,
334.297,213.712,257.064,67.4827,465.374,465.374,465.374,22.6264,-89.709,
353.452,282.178,212.847,31.1682,395.684,395.684,395.684,2.93005,9.0874,
308.396,205.806,229.679,27.4706,409.249,409.249,409.249,5.82945,-114.84,
