300.308,287.01,88.3743,90.296,177.699,224.621,193.106,1.70557,229.983,9.56548,919.131,393.836,997.161,38.1829,64.892,74.682,392.097,916.887,-14.2252,362.526,362.526,362.526,0.01238,-152.479,338182,-58.6145,321.569,
394.877,385.49,85.5877,80.883,224.692,314.482,240.999,57.5075,307.474,15.5855,997.814,64.2172,998.688,12.4015,49.686,48.781,64.9073,996.698,-29.5279,421.338,421.338,421.338,0.00669454,-151.478,-9000,-97.358,368.627,
423.304,410.578,103.014,120.572,144.402,379.205,180.989,61.1107,377.749,4.63987,986.819,161.764,994.99,20.7112,97.8068,99.8679,160.5,981.971,-64.287,313.074,313.074,313.074,0.0110157,-129.126,-8000,-73.1355,286.275,
267.423,242.681,112.343,116.06,4.39103,240.885,230.729,49.3794,125.86,15.4019,110.57,993.749,278.985,954.872,101.92,960.172,275.671,45.5541,-17.9989,279.265,279.265,279.265,0.0210177,-144.236,-20000,-92.2454,250.98,
199.322,195.533,38.6751,49.6812,175.132,81.1763,166.943,36.2439,102.691,3.88733,990.047,140.684,995.955,8.79661,89.4246,89.7721,140.463,986.008,-68.7082,362.154,362.154,362.154,0.00479936,-110.068,-15000,-48.2472,282.353,
282.439,236.868,153.836,177.916,119.511,183.943,203.523,192.058,38.2601,20.0832,780.644,624.653,841.058,350.998,411.609,540.572,517.103,663.616,-78.0268,386.028,386.028,386.028,0.0116685,-112.008,330000,-52.0305,294.118,
133.12,103.001,84.3303,86.0295,73.5158,70.1087,75.3589,48.778,98.2986,20.217,894.366,446.88,998.402,41.6525,38.1935,52.7726,445.393,893.778,-16.7618,446.86,446.86,446.86,0.012021,-32.549,779.205,-48.053,376.471,
442.753,407.636,172.81,187.655,356.21,184.201,259.445,10.7118,358.613,2.89871,866.309,499.501,925.6,186.734,329.234,378.492,463.292,801.314,-37.2564,443.909,443.909,443.909,0.0293569,-195.356,-49523.8,-49.172,266.667,
196.231,185.693,63.4423,75.5094,158.174,88.2387,169.326,55.1017,82.4586,2.33299,963.707,266.952,989.757,35.8808,138.181,142.744,264.54,953.752,-63.051,422.207,422.207,422.207,0.010927,-104.556,-24807.7,-50.0328,298.039,
625.363,610.853,133.932,138.144,34.014,608.965,65.4178,61.7045,618.864,20.7989,992.302,122.085,998.682,14.8892,49.1204,46.9245,122.946,991.303,-8.847,385.67,385.67,385.67,0.0648205,-14.5239,-45314.7,-83.5619,474.51,
562.347,559.748,54.0026,164.895,111.119,526.019,139.415,46.3299,542.817,101.327,963.559,247.561,991.001,119.636,60.0284,87.4581,239.25,967.011,-281.504,351.992,351.992,351.992,0.0128561,-146.063,-17882.4,-39.2354,341.176,
397.837,261.731,299.618,297.145,164.421,207.232,202.742,105.563,325.617,64.106,118.48,990.885,945.115,325.984,22.167,320.386,937.922,132.875,-57.74,795.482,795.482,795.482,0.0079527,16.5745,-17307.7,-75.9602,392.157,
483.149,466.023,127.496,150.535,184.165,420.542,202.426,91.7475,428.998,95.1762,977.797,186.693,992.166,108.424,62.0574,80.9214,179.324,980.456,-120.923,516.302,516.302,516.302,0.0053175,-282.65,-7218.05,-51.1521,160.784,
194.162,167.437,98.3042,93.8281,150.914,78.2307,150.535,81.3002,91.8046,12.3724,992.334,122.964,999.74,14.6342,17.5074,19.1726,122.715,992.257,-26.178,496.014,496.014,496.014,0.00408556,-61.3593,333857,-90.3558,321.569,
997.22,922.695,378.261,368.496,356.497,855.317,190.125,841.566,500.067,3.21561,150.313,988.633,982.081,186.767,25.202,188.432,970.837,148.22,-47.1722,804.111,804.111,804.111,0.162338,207.285,340000,-51.076,137.255,
364.14,284.981,226.679,220.193,43.2797,286.775,292.261,217.212,0.526876,25.5976,979.763,198.515,1.29194,198.613,980.077,999.672,24.8312,6.3498,16.6929,494.99,494.99,494.99,4.23962,96.3583,-36000,-62.0667,549.02,
697.081,616.117,326.07,315.404,236.192,575.026,278.647,552.171,321.535,10.2644,5.88195,999.93,996.675,80.8899,9.75517,80.8269,996.706,6.69269,-42.4104,793.889,793.889,793.889,0.0108853,-83.5252,277857,-31.4579,31.3725,
662.39,646.685,143.382,151.345,87.0663,638.964,76.2573,7.05398,657.948,28.3174,974.439,222.861,999.547,25.3399,16.2092,10.1476,223.219,974.715,-19.4188,321.386,321.386,321.386,0.395653,123.88,318881,-115.408,243.137,
191.982,183.848,55.2911,50.6254,87.4661,163.23,134.247,26.3771,134.681,5.70041,981.909,189.267,948.81,65.0824,309.068,315.794,177.817,932.017,-7.35569,228.364,228.364,228.364,0.0702667,-111.095,-11250,-68.4848,298.039,
254.132,229.472,109.206,86.6497,181.299,155.581,200.124,20.5765,155.274,5.66723,894.618,446.795,990.855,65.2584,118.099,134.81,442.04,886.807,-13.3349,392.596,392.596,392.596,0.00476437,-141.742,-11242.1,-128.189,384.314,
359.951,322.332,160.208,168.382,221.182,228.672,192.144,42.2396,301.432,10.6354,905.135,424.991,991.853,63.5037,110.428,126.94,420.354,898.437,-93.1531,747.594,747.594,747.594,0.00398744,100.235,-14666.7,-44.226,341.176,
383.023,325.852,201.314,232.841,161.412,257.756,155.969,151.253,315.441,2.78312,961.188,275.882,999.721,9.14569,21.7788,23.4566,275.744,960.945,-99.8852,728.685,728.685,728.685,0.00638346,47.9941,-16538.5,-33.9688,211.765,
262.361,217.473,146.761,145.064,94.2636,197.241,102.217,29.7348,239.793,30.8794,858.641,511.647,997.456,59.3781,39.4483,64.2525,509.127,858.29,-27.0881,464.374,464.374,464.374,0.0103697,72.5831,326250,-60.7985,309.804,
158.431,144.097,65.8498,62.5051,53.1396,135.534,145.547,51.0233,36.2354,13.9584,936.639,350.017,259.916,341.417,903.26,965.53,78.3669,248.213,-17.3932,227.324,227.324,227.324,0.00424271,-83.1525,330400,-109.836,321.569,
221.849,184.905,122.584,109.841,132.655,139.837,127.433,88.074,158.81,1.1149,989.619,143.714,999.356,4.05042,35.644,35.8561,143.661,988.977,-202.918,481.821,481.821,481.821,0.0113272,-22.3212,324412,-147.452,313.725,
810.089,756.386,290.043,306.833,397.974,635.386,173.865,197.587,766.143,12.3565,797.394,603.332,704.909,420.996,570.846,709.19,432.348,556.889,-49.3675,697.925,697.925,697.925,0.021775,-284.721,330827,-19.9977,164.706,
429.792,364.673,227.453,220.9,22.2022,368.01,181.773,192.099,338.789,0.444686,996.215,86.9185,838.904,46.9363,542.252,544.279,73.1574,835.708,-30.6152,695.577,695.577,695.577,0.00787747,-44.9371,-1909.09,-49.0765,180.392,
131.41,68.427,112.189,112.024,28.6987,62.4153,63.1976,110.231,33.5244,82.0616,993.44,79.6392,884.986,109.385,452.587,458.329,33.3396,888.157,-10.5893,257.982,257.982,257.982,0.00418717,29.719,325091,-45.6232,298.039,
264.782,259.345,53.3866,47.2603,138.467,220.688,183.665,35.6032,187.375,9.82409,997.331,72.349,974.838,25.6659,221.433,222.699,68.3532,972.488,-15.1877,279.292,279.292,279.292,0.00452112,-168.4,332857,-34.4967,388.235,
331.49,320.87,83.2372,89.0408,191.973,255.155,230.175,36.4572,235.746,28.8129,979.769,198.048,988.522,1.46612,151.068,148.302,200.128,968.481,-46.5111,258.145,258.145,258.145,0.00354341,-136.467,330000,-6.52686,137.255,
370.653,330.422,167.945,178.838,92.6421,311.157,89.8824,73.8758,351.92,9.50146,952.016,305.901,999.853,13.4156,10.6957,14.2863,305.754,952.003,-51.0721,473.724,473.724,473.724,0.00921964,66.2271,270000,-24.7348,227.451,
