0.398944,0.343635,0.202662,-0.0343626,0.448856,0.448856,0.448856,0.00980114,
1.20634,1.1971,0.149012,-0.111819,0.349779,0.349779,0.349779,0.885859,
0.450063,0.443908,0.074174,-0.218033,0.400213,0.400213,0.400213,0.0368337,
0.61268,0.540496,0.288515,-0.0345861,0.409783,0.409783,0.409783,0.112228,
0.309376,0.205159,0.231567,-0.0659649,0.451888,0.451888,0.451888,0.00408443,
0.694204,0.656727,0.225009,-0.0355757,0.460122,0.460122,0.460122,0.130585,
0.420344,0.365639,0.207357,-0.0487491,0.46431,0.46431,0.46431,0.00870293,
0.848187,0.819139,0.220074,-0.0557052,0.449492,0.449492,0.449492,0.309009,
0.846858,0.820321,0.210339,-0.0433355,0.468134,0.468134,0.468134,0.282445,
0.39963,0.331587,0.223056,-0.0502916,0.453316,0.453316,0.453316,0.00108858,
0.370156,0.285338,0.235791,-0.0714626,0.459557,0.459557,0.459557,0.00495676,
