331.525,901.869,839.216,369.974,8.5876,372.572,945.312,1120.83,748.258,43.8528,259.786,179.798,96.5118,
288.81,950.92,639.216,699.897,10.4733,371.69,958.132,1136.18,764.486,22.7927,243.112,205.031,60.12,
839.214,973.094,874.51,290.469,6.16507,302.399,1018.89,1169.24,866.841,14.2424,159.154,95.5663,64.9533,
1080.16,460,196.078,718.876,16.2591,375.813,1045.83,1236.45,860.638,39.0889,277.993,257.919,184.827,
890.625,702.247,698.039,536.168,9.41087,402.71,1015.83,1188.48,785.771,26.3383,240.193,193.809,40.5097,
775.988,960.199,788.235,705.718,10.9583,389.097,954.592,1138.57,749.474,22.508,243.688,208.243,59.9393,
1120.92,141.975,635.294,3061.72,7.61369,366.339,953.519,1138.69,772.347,12.663,183.87,123.288,93.9743,
601.562,222.222,529.412,3196.74,7.08007,334.103,945.78,1109.45,775.343,23.3644,222.913,167.312,120.234,
568.088,705.607,839.216,3311.26,9.30904,391.472,945.426,1111.35,719.875,44.3606,282.998,193.149,65.5341,
860.206,385.246,956.863,320.005,6.21387,309.911,927.204,1105.53,795.618,24.9045,184.648,157.581,119.364,
910.073,974.093,756.863,276.661,7.30912,314.232,920.961,1071.14,756.908,28.6434,259.192,171.983,108.12,
569.196,700,274.51,422.427,8.83949,318.814,1087.52,1250.66,931.845,33.4948,259.793,186.801,153.959,
1037.08,984.694,768.627,371.736,7.35631,323.028,1104.99,1257.68,934.652,35.5002,269.91,172.921,148.005,
1038.44,801.587,988.235,320.928,7.15069,340.514,1153.68,1313.44,972.931,40.8922,245.027,174.71,262.691,
887.633,283.133,650.98,322.121,9.59267,365.455,957.33,1123.41,757.951,28.2791,232.654,194.915,152.499,
1334.84,775.758,647.059,548.284,9.18454,347.386,944.979,1118.24,770.854,25.9579,224.912,193.908,159.615,
1130.31,845.833,941.176,485.38,10.2086,371.453,957.252,1123.92,752.471,62.7798,448.159,201.234,29.3677,
662.049,502.591,756.863,546.737,12.3277,354.201,962.133,1125.96,771.755,27.3422,227.786,178.987,150.999,
1273.03,974.359,764.706,475.194,11.6994,424.201,935.398,1122.1,697.901,58.0343,312.373,217.821,163.13,
1242.51,412.429,694.118,396.679,7.62478,331.779,1290.06,1447.64,1115.87,26.092,265.221,174.784,70.3368,
213.542,338.346,521.569,400.926,6.8676,326.83,1271.91,1444.43,1117.6,18.6896,174.935,157.969,86.0965,
370.593,625.668,733.333,518.067,7.84598,345.385,1238.95,1406.89,1061.5,37.1996,265.064,176.729,125.887,
1375,687.023,513.726,490.542,12.318,528.454,1234.06,1532.8,1004.35,67.0167,406.27,200.326,207.745,
974.026,435.028,694.118,398.086,7.63204,315.59,1321.39,1473.56,1157.97,25.275,248.179,173.645,39.5809,
470.389,616.379,909.804,393.91,7.8998,330.173,1332.41,1492.36,1162.19,15.139,272.336,177.625,19.7783,
75.6836,860.987,874.51,570.871,17.3495,536.185,1091.44,1311.86,775.679,108.055,438.865,241.994,300.303,
281.929,556.452,486.275,248.939,7.77889,321.727,923.74,1078.4,756.672,4.26396,176.48,71.588,27.8326,
368.49,932.642,756.863,386.758,6.33247,326.505,980.966,1115.64,789.139,39.4931,283.723,159.52,125.244,
923.256,900.497,788.235,362.528,8.32891,381.585,992.167,1150.5,768.919,25.9826,281.886,181.893,42.169,
1104.55,813.853,905.882,392.926,8.07124,333.719,921.086,1076.88,743.162,18.5084,218.642,179.982,60.4173,
654.424,880,686.275,487.741,8.36872,316.244,904.436,1087.49,771.248,5.89424,183.712,62.4006,22.2763,
856.25,750,392.157,441.076,8.11331,318.776,930.874,1084.06,765.283,20.6439,218.583,180.393,67.1425,
1340.21,962.766,737.255,396.757,8.56498,325.016,934.565,1094.2,769.186,20.1323,221.012,185.049,0.304324,
1254.6,573.84,929.412,363.775,7.93743,322.232,931.566,1084.44,762.206,10.528,218.268,178.155,14.16,
1345.11,985.714,274.51,669.549,8.5205,395.536,984.149,1154.04,758.505,42.5364,268.823,184.317,22.0804,
274.306,882.353,600,750.061,7.42963,318.811,976.37,1137.45,818.642,37.6953,261.977,167.783,106.297,
49.8384,930.481,733.333,700.063,7.91158,324.375,969.793,1127.89,803.518,36.3704,265.632,178.483,81.7653,
516.304,514.925,525.49,241.354,12.3774,355.45,949.428,1091.34,735.893,18.3091,228.193,179.857,101.047,
515.625,714.286,164.706,237.478,7.44547,313.607,1018.79,1169.33,855.721,11.4492,228.248,172.732,43.4491,
859.375,79.7872,737.255,233.191,12.503,363.499,959.421,1129.47,765.971,26.3418,272.273,222.518,122.869,
945.724,1000,670.588,251.371,11.1269,348.625,1019.82,1196.41,847.781,14.9464,212.075,176.445,24.1716,
583.479,700.98,800,390.491,9.25861,369.129,818.051,1011.62,642.491,14.0513,193.262,156.046,26.4124,
647.321,628.742,654.902,297.587,9.60693,310.705,1011.81,1175.91,865.203,4.31104,200.199,66.3957,1.74172,
198.547,844.086,729.412,415.485,7.58678,337.446,923.92,1089.35,751.903,44.4551,272.687,176.335,184.55,
428.185,750,815.686,343.766,9.62286,438.869,956.827,1125.95,687.078,42.074,239.001,196.245,27.9482,
1279.3,506.329,929.412,384.998,9.18746,384.968,964.351,1137.45,752.485,47.6821,235.051,189.523,37.6233,
75.6048,218.31,556.863,715.401,7.09638,349.265,963.388,1134.93,785.669,35.7123,263.176,168.527,188.094,
127.119,907.692,254.902,1046.3,7.739,315.094,967.649,1127.15,812.06,27.5025,182.738,168.144,150.921,
615.234,267.943,819.608,418.104,7.16463,310.553,969.898,1116.52,805.971,28.8793,249.921,170.777,132.228,
1364.06,803.213,976.471,362.618,9.03591,356.341,872.369,1045.55,689.207,33.5816,233.843,191.113,134.638,
1236.8,848.606,984.314,403.515,8.95739,348.603,944.411,1110.29,761.687,26.5067,236.486,190.554,116.648,
1338.32,322.43,839.216,340.91,9.26425,360.442,896.815,1087.25,726.812,17.9403,193.797,124.73,115.643,
1312.5,891.304,901.961,450.226,9.14712,367.315,981.641,1157.46,790.143,29.4961,235.7,192.913,149.868,
488.281,466.667,705.882,445.485,8.74515,351.612,963.076,1155.47,803.862,57.044,246.892,189.414,212.44,
225.694,417.526,760.784,206.415,7.90027,327.271,916.245,1078.45,751.178,28.4058,274.82,178.614,99.6585,
1171.88,610.442,976.471,265.934,8.02709,321.659,919.168,1083.81,762.148,17.1735,180.747,121.526,118.786,
730.699,735.577,815.686,196.469,6.86267,320.634,882.582,1036.65,716.012,21.4133,238.658,165.92,66.1175,
