120.536,205.882,666.667,64.9476,43.1105,753.654,1120.55,1484.51,730.851,310.445,8.35762e-06,8.03366e-06,7.80279e-06,7.64467e-06,1182.33,414.6,43.1963,
108.613,208.122,772.549,63.6234,40.8242,781.223,1083.25,1446.02,664.797,171.178,1.29888e-05,1.41424e-05,1.26329e-05,1.37394e-05,723.204,403.608,28.6111,
28.125,122.549,800,42.3869,30.5023,800.884,1186.18,1522.01,721.125,297.35,4.42642e-06,4.40108e-06,4.56095e-06,4.57495e-06,1645.76,311.671,35.3449,
72.1154,55.5556,917.647,39.7004,25.6681,831.008,1250.89,1596.77,765.761,256.782,3.17736e-06,3.20208e-06,3.10139e-06,3.15009e-06,1317.2,269.598,75.7343,
1093.75,43.6893,807.843,39.3195,17.6858,500.876,1140.66,1366.48,865.601,106.52,1.08533e-05,1.11503e-05,1.08784e-05,1.13597e-05,603.885,266.726,83.0439,
1250,42.4528,831.373,41.3012,16.4978,497.852,1153.73,1360.63,862.782,173.316,6.73799e-06,6.76411e-06,7.12738e-06,6.96302e-06,930.059,248.288,66.0168,
86.3487,112.426,662.745,58.1484,17.9976,597.326,1481.05,1702.66,1105.33,333.533,2.91119e-06,2.97173e-06,2.91152e-06,2.98374e-06,1131.08,268.369,168.857,
33.4821,87.5,627.451,50.0954,16.0001,578.873,1443.26,1636.21,1057.33,344.963,4.75337e-06,4.68985e-06,4.98051e-06,4.9298e-06,1490.02,240.049,189.348,
103.125,149.701,654.902,61.7606,15.5594,575.604,1567.85,1766.87,1191.27,262.106,2.95912e-06,3.15511e-06,2.73905e-06,2.93905e-06,1255.81,249.692,42.9655,
99.4318,196.429,658.824,65.4652,14.4301,683.7,1196.02,1439.99,756.291,293.866,5.60203e-06,5.64884e-06,5.67786e-06,5.79447e-06,968.679,248.256,308.039,
0,21.7391,360.784,58.469,25.4954,589.368,1108.51,1413.09,823.723,439.528,8.34554e-06,9.83492e-06,8.79209e-06,1.03831e-05,1291.75,313.592,17.3432,
1102.94,101.796,654.902,50.7133,21.3797,571.346,1066.08,1295.37,724.021,77.9253,9.09448e-06,9.16186e-06,9.97437e-06,1.00472e-05,492.56,259.139,90.1526,
1342.33,51.1628,843.137,53.5167,43.1958,820.767,1185,1551.13,730.362,170.206,3.59572e-06,3.61409e-06,3.38713e-06,3.45347e-06,1072.9,415.113,7.66801,
1382.81,58.4795,670.588,45.8654,45.0216,1018.38,1180.43,1655.24,636.863,293.608,2.19648e-06,2.1672e-06,2.00279e-06,1.97427e-06,1251.47,358.392,83.5765,
