937.5,325.301,325.49,664.843,0.0358724,36.0506,446.466,461.924,425.873,12.3942,128.287,30.0986,992.328,
929.418,341.176,333.333,1969.38,0.153214,81.5245,579.113,610.315,528.79,175.277,236.863,225.267,999.63,
906.25,312.5,376.471,2045.11,0.277093,90.6286,549.829,579.879,489.25,188.711,270.613,212.343,997.154,
837.054,86.4197,635.294,2064.14,0.312215,104.061,398.264,431.689,327.627,186.647,262.775,215.448,999.051,
956.25,431.034,227.451,1341.06,0.0939992,53.9623,416.501,440.626,386.664,47.3458,217.551,68.4343,993.047,
956.25,373.134,262.745,1367.08,0.26085,71.2365,585.845,610.201,538.964,24.8081,145.088,53.9476,968.176,
1037.95,269.231,101.961,738.822,0.0374985,37.8631,391.297,408.001,370.138,69.2696,299.462,72.5168,996.982,
914.062,384.615,203.922,852.317,0.0688855,75.3832,381.732,402.873,327.489,123.007,272.715,126.334,999.124,
1015.62,250,94.1176,799.737,0.184299,99.0439,384.181,423.617,324.573,110.172,291.379,127.803,995.804,
1351.8,687.5,564.706,849.99,0.21344,92.7869,460.176,516.089,423.302,104.615,223.552,149.827,995.196,
156.25,300,156.863,1341.58,0.156866,71.4081,518.946,544.128,472.719,76.5309,228.848,102.604,997.228,
919.471,393.939,129.412,939.695,0.117964,58.758,723.698,752.861,694.103,56.8324,268.01,79.1204,968.625,
945.312,344.828,341.176,955.388,0.0611965,39.239,398.253,413.748,374.509,30.6929,160.954,63.4243,992.634,
937.5,338.028,278.431,548.662,0.452503,162.746,464.258,557.269,394.523,124.043,280.694,127.119,986.467,
839.844,275.862,341.176,1310.59,0.259008,99.0595,496.999,528.284,429.225,169.652,307.258,172.73,998.795,
1320.31,882.353,133.333,849.005,0.188566,69.6243,379.902,400.504,330.88,18.1563,103.16,63.916,960.077,
1361.61,875,94.1176,902.354,0.225209,88.6642,368.467,399.521,310.857,94.4715,239.402,125.717,991.91,
1318.86,641.304,360.784,934.943,0.230508,75.8052,393.455,414.198,338.393,34.9144,205.275,53.2,992.766,
1054.69,80,98.0392,720.095,0.200929,83.9409,447.502,475.914,391.973,80.8886,256.013,118.022,990.836,
887.277,591.549,278.431,1659.2,0.0555113,60.7686,410.233,427.505,366.736,135.456,281.121,149.984,999.227,
931.92,636.364,258.824,1472.27,0.039038,105.698,405.519,445.866,340.168,112.321,216.13,146.268,999.825,
937.5,166.667,23.5294,455.171,0.0245171,31.1273,400.488,416.883,385.756,67.4121,270.157,78.029,998.997,
937.5,418.919,290.196,1172.93,0.0564889,39.5704,453.133,472.242,432.671,32.6651,167.304,60.3766,991.725,
875,361.446,325.49,866.675,0.223598,73.2265,425.52,465.108,391.881,88.0489,265.605,101.845,989.719,
234.375,86.9565,90.1961,1207.73,0.619734,100.317,431.312,471.514,371.197,50.8513,174.552,116.17,987.227,
895.433,410.526,372.549,1533.73,0.0633955,66.1433,507.21,538.781,472.637,115.645,222.031,179.155,999.571,
837.054,117.318,701.961,1258.46,0.326454,101.541,415.407,449.357,347.816,168.985,276.669,190.074,991.372,
833.333,69.2308,509.804,1279.67,0.447666,108.081,410.83,443.626,335.545,199.21,276.843,234.56,993.934,
937.5,277.778,282.353,1420.85,0.328227,127.887,434.098,483.201,355.314,188.989,266.184,235.484,994.45,
954.241,411.765,133.333,2601.01,0.265348,78.8835,557.064,590.043,511.159,21.2108,170.835,42.8959,955.316,
1361.48,559.748,623.529,565.326,0.182952,91.0426,489.606,533.084,442.041,158.372,239.542,215.342,996.747,
952.148,320,196.078,912.169,0.124644,50.2418,506.926,528.408,478.166,77.0118,186.353,132.607,996.556,
870.536,500,54.902,507.671,0.0638189,64.5693,417.091,445.428,380.858,98.0489,236.475,134.554,998.959,
