1029.23,987.243,290.977,-865.358,992.849,992.849,992.849,513.933,-601.385,
1406.5,1350.34,393.468,-993.605,1064.39,1064.39,1064.39,1153.89,-980.439,
1619.3,1610.3,-170.416,-856.668,308.015,308.015,308.015,1390.6,-1503.99,
1662.21,1645.98,-231.696,-1049.31,298.605,298.605,298.605,1515.26,-1562.08,
1494.36,1450.8,358.183,-978.623,1084.69,1084.69,1084.69,1133.81,-1182.35,
1580.95,1479.06,558.386,-179.697,1055.47,1055.47,1055.47,846.835,-1184.09,
1497.56,1493.56,-109.406,-759.271,392.503,392.503,392.503,1290.68,-1149.37,
1825.64,1805.67,-269.244,-791.562,347.691,347.691,347.691,1456.65,-1348.32,
2971.94,2943.67,408.95,-225.987,1069.42,1069.42,1069.42,5566.33,-2557.35,
2372.43,2296.57,595.162,-88.8187,1100.7,1100.7,1100.7,2866.94,-2067.84,
1105.54,1044.28,362.917,-855.441,960.399,960.399,960.399,578.391,-738.268,
980.91,890.091,412.218,-544.224,940.48,940.48,940.48,569.026,-632.578,
1254.23,1177.07,433.126,-679.95,1071.99,1071.99,1071.99,245.84,-713.971,
1418.88,1244.06,682.302,170.082,1068.6,1068.6,1068.6,795.551,-946.259,
1227.34,1032.33,663.82,-33.1014,1024.5,1024.5,1024.5,590.004,-710.519,
1464.25,1317.71,638.497,217.911,1038.11,1038.11,1038.11,1094.82,-1021,
1348.3,1265.81,464.389,-25.7992,1052.56,1052.56,1052.56,320.711,-564.519,
938.283,822.686,451.18,-905.864,1221.92,1221.92,1221.92,170.665,-358.927,
1442.89,1403.44,335.091,-1094.02,1213.02,1213.02,1213.02,945.463,-991.777,
1272.11,1188.49,453.602,-452.94,819.006,819.006,819.006,933.084,-592.992,
590.7,443.615,390.041,-716.515,927.471,927.471,927.471,9.9539,-235.876,
1149.67,1104.16,320.279,-811.97,823.927,823.927,823.927,322.493,-479.972,
1192.41,1053,559.48,-428.779,1006.72,1006.72,1006.72,531.436,-548.7,
1105.35,1018.34,429.854,-143.533,984.547,984.547,984.547,470.614,-776.821,
1071.41,841.62,663.014,180.941,995.495,995.495,995.495,478.198,-386.873,
1171.03,1013.91,585.901,-54.9961,1007.28,1007.28,1007.28,731.642,-725.729,
1124.51,1014.35,485.387,-162.756,943.925,943.925,943.925,395.96,-774.427,
1791.47,1774.33,-247.239,-677.177,304.476,304.476,304.476,2212.55,-1507.41,
1578.45,1500.97,488.469,-148.258,1021.98,1021.98,1021.98,1545.35,-1218.02,
963.376,708.885,652.361,-550.921,1110.86,1110.86,1110.86,235.623,-340.617,
1089.22,1070.76,199.724,-883.406,1285.69,1285.69,1285.69,722.156,-763.063,
1354.73,1234.34,558.302,-66.3062,1080.86,1080.86,1080.86,985.446,-792.761,
999.322,951.865,304.299,-861.692,1095.35,1095.35,1095.35,588.905,-803.143,
1240.03,1140.91,485.809,-158.52,958.885,958.885,958.885,433.856,-724.92,
1044.2,978.496,364.555,-938.05,1051.61,1051.61,1051.61,422.647,-578.431,
1668.9,1584.23,524.846,-14.7031,981.898,981.898,981.898,1233.86,-1185.16,
1532.72,1462.16,459.71,-403.143,970.346,970.346,970.346,1343.8,-1132.75,
1868.25,1786.73,545.849,-329.327,1106.72,1106.72,1106.72,1640.55,-864.752,
1263.74,1168.74,480.712,-717.767,1095.17,1095.17,1095.17,581.22,-812.347,
1211.37,1135.23,422.687,-811.13,1019.4,1019.4,1019.4,549.546,-791.08,
1436.32,1281.69,648.298,4.67211,1158.26,1158.26,1158.26,958.773,-960.193,
844.865,840.302,-87.6934,-744.503,360.137,360.137,360.137,234.975,-451.541,
1464.17,1372.77,509.196,-302.736,1084.12,1084.12,1084.12,534.038,-926.657,
1318.91,1287.34,286.843,-913.341,929.092,929.092,929.092,853.526,-1026.5,
1195.98,1158.08,298.68,-434.916,894.807,894.807,894.807,705.964,-737.624,
1491.18,1448.7,353.421,-651.778,1231.51,1231.51,1231.51,1403.94,-711.031,
663.243,493.284,443.354,-700.182,1194.61,1194.61,1194.61,1.2977,-311.494,
1143.52,1059.35,430.604,-356.939,991.541,991.541,991.541,456.821,-814.125,
878.329,739.534,473.868,-133.802,992.079,992.079,992.079,190.714,-347.46,
