1265.62,133.333,294.118,418.164,0.102889,99.3136,-0.763341,50.5114,-48.8022,1222.61,1021.87,360.85,999.823,
137.392,537.037,211.765,454.653,0.196446,140.772,31.5005,137.286,-3.4858,440.614,456.827,311.022,999.24,
90.7258,234.849,517.647,702.301,0.355259,120.452,-8.5953,55.8063,-64.6452,2316.73,1601.02,510.539,998.91,
85.2273,268.293,321.569,618.835,0.112567,122.853,68.4189,152.811,29.9578,1902.15,1108.7,562.668,999.993,
112.5,287.356,341.176,571.438,0.995164,185.348,48.7675,160.34,-25.0085,2122.43,1330.94,539.733,998.951,
64.6552,219.697,517.647,884.371,0.169621,115.051,-48.1793,19.1131,-95.9375,1246.36,647.089,551.444,999.597,
62.5,333.333,352.941,580.833,0.960864,190.506,-13.5441,101.818,-88.688,1627.07,1350.59,426.273,998.953,
93.75,500,196.078,686.23,1.61798,229.249,56.9294,141.073,-88.1756,899.187,650.453,424.766,992.523,
56.8182,286.956,450.98,1962.31,0.161655,134.535,7.55714,71.9842,-62.5512,3759.52,1775.01,678.541,999.744,
99.1587,412.698,247.059,640.906,1.14606,178.18,155.916,268.665,90.4854,450.539,552.064,268.356,979.248,
78.125,248.12,521.569,925.557,0.0901016,80.6967,8.26166,49.1819,-31.5149,2783.39,1684.14,667.983,999.933,
61.6776,558.824,133.333,232.189,0.0386041,59.5989,-24.1302,8.0896,-51.5093,260.843,559.398,140.708,999.764,
117.188,400,19.6078,313.557,0.0412167,52.6193,145.307,175.247,122.628,80.3799,252.163,97.2577,999.107,
156.25,600,19.6078,238.741,0.0471141,57.1816,154.052,189.207,132.025,54.8404,247.573,72.6499,999.858,
0,104.478,262.745,319.977,0.0627595,63.2279,191.163,228.348,165.12,134.972,443.668,84.7841,999.882,
1086.65,239.13,180.392,347.642,0.227487,168.352,-0.636107,125.236,-43.1158,463.618,411.546,343.042,997.235,
1132.81,109.091,215.686,413.831,0.240061,136.372,6.29144,97.0128,-39.3589,932.286,811.358,326.031,997.328,
989.583,180,196.078,305.282,0.444409,114.813,5.15502,73.8745,-40.939,788.274,882.282,288.015,997.098,
1037.95,189.189,145.098,328.436,0.482031,121.716,11.5445,90.0415,-31.6741,851.996,891.816,342.429,996.364,
1347.66,137.931,113.725,567.143,0.141035,86.8382,2.38581,41.5116,-45.3266,197.066,302.514,185.73,997.663,
1045.67,236.364,215.686,512.164,0.28149,109.871,-0.794711,59.3657,-50.5057,1593.28,1477.1,417.523,997.491,
117.188,304.348,180.392,562.915,0.551311,135.742,-6.29719,52.9474,-82.795,1962.95,2030.85,425.762,995.427,
117.188,500,47.0588,467.824,0.244217,130.738,-26.696,62.8719,-67.8663,1039.77,732.009,391.965,998.21,
1354.17,85.7143,411.765,2560.51,0.0905299,102.535,-0.364561,67.2438,-35.2914,4826.97,1482.68,942.866,999.951,
1380.21,87.3786,403.922,2626.67,0.0767216,135.668,0.948158,76.8816,-58.7866,7561.87,1601.78,1134.03,999.995,
93.75,428.571,137.255,431.916,0.0878777,88.0354,301.676,364.029,275.994,248.968,434.386,160.887,999.588,
0,333.333,35.2941,397.347,0.511266,144.05,-38.0715,43.1519,-100.898,770.304,722.001,306.842,997.47,
1328.12,285.714,82.3529,523.265,2.06586,213.591,19.4118,108.637,-104.955,1484.24,1060.43,475.897,996.269,
78.125,500,47.0588,696.755,0.180365,95.7882,9.1218,55.6901,-40.0981,247.403,495.39,177.675,997.726,
1171.88,6.49351,603.922,1366.93,0.689743,210.695,-3.84262,48.7773,-161.918,2820.53,1197.49,648.276,999.059,
66.9643,205.882,133.333,300.963,0.211242,111.514,12.811,75.2371,-36.277,988.065,1160.31,270.519,996.652,
1250,136.364,86.2745,262.911,0.199668,130.311,-5.11808,75.0019,-55.3093,871.847,1094.27,235.485,997.042,
1372.77,205.882,133.333,312.24,0.301393,167.022,33.4043,141.775,-25.2467,1278.53,1175.69,317.26,997.152,
78.125,83.3333,141.176,296.144,0.169794,106.738,-9.52669,56.0433,-50.6951,974.419,1119.35,253.327,996.726,
93.75,102.041,192.157,366.539,0.436169,142.188,-22.8106,57.9594,-84.2286,1035.82,932.028,348.627,996.475,
1372.77,194.444,141.176,319.359,0.291347,110.197,20.6173,85.4389,-24.7584,1102.28,1570.15,283.919,996.815,
117.188,93.4579,839.216,923.441,0.114399,79.3716,-9.34614,29.6123,-49.7593,644.615,1311.88,150.778,993.754,
36.0577,65,784.314,1084.72,0.448101,188.91,4.09856,130.315,-58.5953,1771.87,1345.76,382.308,998.559,
52.0833,86.9565,811.765,795.62,0.299295,120.936,0.497795,68.4404,-52.4953,1083.73,783.719,372.827,998.206,
0,61.5385,254.902,270.233,3.37886,332.352,-16.9413,166.35,-166.002,1031.02,1166.49,262.032,945.751,
33.4821,79.5454,345.098,404.191,0.330377,117.115,-10.5983,45.1895,-71.9258,1423.54,1282.16,352.799,995.318,
0,400,19.6078,54.4619,0.0402722,45.1332,-3.99925,22.5427,-22.5904,15.3151,138.102,36.8077,999.753,
1308.59,342.857,137.255,1792.7,2.27356,226.396,-32.1606,78.7899,-147.606,1206.04,1547.15,327.865,990.359,
26.0417,321.429,109.804,4354.43,0.667053,127.175,-84.2219,-14.0442,-141.219,432.108,467.441,299.103,991.324,
0,250,141.176,134.547,0.708281,141.608,38.5178,117.661,-23.9468,307.302,737.35,118.515,989.511,
1372.77,212.121,129.412,161.457,0.97897,165.624,58.2538,138.209,-27.4147,545.284,1193.64,141.998,995.125,
1328.12,375,31.3726,274.732,0.134094,99.6574,55.8075,106.121,6.46383,477.026,1242.78,133.937,993.234,
0,200,39.2157,481.596,2.01553,205.385,51.929,113.392,-91.9932,1031.23,962.567,385.775,994.022,
1367.19,240,98.0392,508.008,0.0980069,59.8871,-15.8482,14.4355,-45.4516,252.235,395.043,221.047,998.573,
1015.62,111.111,105.882,372.094,0.140432,108.918,-8.63363,57.5021,-51.4161,866.522,802.022,310.949,999.541,
1347.66,105.263,149.02,402.941,0.124244,110.101,-33.0258,26.2695,-83.8315,419.721,425.184,315.674,999.967,
1289.06,78.9474,298.039,1049.22,0.471134,201.338,-46.4565,74.858,-126.48,2276.38,1217.45,573.553,998.847,
97.6562,433.735,325.49,735.467,0.188294,113.961,29.3165,92.443,-21.5177,1892.29,1316.01,367.186,999.335,
96.5073,419.753,317.647,601.204,0.313969,146.837,7.04292,92.4795,-54.3572,2115.29,1414.87,417.157,998.979,
108.173,325,470.588,1290.62,0.124006,139.859,-18.8846,60.5796,-79.2793,6852.38,2004.14,1027.71,999.938,
1328.12,102.564,458.824,757.111,0.19179,140.199,-26.0301,63.8732,-76.3256,2483.17,1328.51,435.538,998.713,
58.5938,120,392.157,1377.48,1.99462,288.547,43.9834,244.513,-44.0337,4718.42,1720.18,749.889,998.62,
1328.12,87.3786,403.922,764.222,0.311364,151.428,-25.4318,64.544,-86.8842,2779.62,1303.58,561.684,998.576,
49.3421,163.793,454.902,630.443,0.232299,126.515,-4.97436,69.9382,-56.5764,726.68,613.408,343.298,998.828,
78.125,184.211,447.059,917.424,0.135997,92.4994,-6.34118,52.9208,-39.5786,812.249,636.273,411.11,999.308,
81.5217,319.444,282.353,479.973,0.129243,121.787,-47.3861,24.095,-97.6921,1065.62,1238.17,313.908,999.707,
66.9643,259.259,105.882,542.007,0.140223,99.8324,-41.739,11.9365,-87.8959,20.6341,124.016,61.9165,988.56,
52.0834,391.304,180.392,568.987,0.125817,90.903,-0.618766,43.4282,-47.4748,1194.75,1250.46,346.718,999.829,
103.125,367.647,266.667,273.899,0.216741,77.51,39.255,74.2082,-3.30182,335.181,814.436,177.893,999.515,
0,64.5161,121.569,409.082,0.677499,149.523,-134.276,-51.9083,-201.431,1081.01,1100.75,303.997,998.256,
1316.11,144.444,352.941,580.283,1.79655,214.648,77.5526,173.397,-41.2511,1800.01,1146.18,503.071,997.305,
29.2969,235.294,133.333,386.62,0.18143,117.461,-51.632,14.3582,-103.103,675.139,605.795,340.204,999.59,
1318.36,242.424,129.412,364.394,2.12669,274.112,-3.7187,116.378,-157.734,1228.91,1179.42,278.529,996.975,
1230.47,111.111,141.176,458.21,0.590806,150.4,-45.4529,30.2093,-120.191,903.496,903.497,306.596,996.96,
175.781,112.15,419.608,2336.01,0.261962,149.156,-2.33557,49.5796,-99.5763,2419.79,1274.16,433.538,999.036,
