1.62018,1.59067,0.307819,0.124458,0.491265,0.491265,0.491265,1.66005,
1.14586,1.09587,0.334752,0.118255,0.558476,0.558476,0.558476,0.542476,
0.854312,0.798107,0.304754,0.0433874,0.510505,0.510505,0.510505,0.197993,
0.347098,0.247337,0.243519,0.00709039,0.460595,0.460595,0.460595,0.00923653,
0.542965,0.514116,0.174628,-0.0208236,0.37431,0.37431,0.37431,0.0978427,
0.420408,0.368938,0.201562,-0.0270268,0.441521,0.441521,0.441521,0.0292112,
0.753467,0.733675,0.171563,-0.101894,0.39355,0.39355,0.39355,0.150267,
1.21069,1.20565,0.110328,-0.138191,0.34364,0.34364,0.34364,0.599712,
0.334954,0.236715,0.236982,0.0170166,0.438041,0.438041,0.438041,0.00510246,
1.29026,1.26294,0.264114,0.0593958,0.481099,0.481099,0.481099,0.808816,
0.869966,0.831332,0.256374,0.0623923,0.45186,0.45186,0.45186,0.137482,
0.446984,0.366398,0.256021,0.00692439,0.453761,0.453761,0.453761,0.0069394,
0.334297,0.213712,0.257064,0.0674827,0.465374,0.465374,0.465374,0.0226264,
0.441008,0.328205,0.294568,0.0616189,0.494661,0.494661,0.494661,0.0577939,
0.621291,0.546343,0.295823,0.0822651,0.459821,0.459821,0.459821,0.158451,
0.391961,0.303211,0.248387,0.0402415,0.426795,0.426795,0.426795,0.0211359,
0.371581,0.234807,0.28799,0.0531021,0.490121,0.490121,0.490121,0.014224,
