520.608,520.456,12.6169,-378.831,323.688,323.688,323.688,99.1926,422.575,
526.701,526.186,-23.2776,-387.193,330.07,330.07,330.07,21.0482,203.596,
758.971,756.032,-66.7232,-475.109,327.3,327.3,327.3,199.059,100.129,
343.6,339.271,-54.372,-469.943,314.398,314.398,314.398,2.10183,41.7915,
530.782,525.411,-75.3216,-484.055,335.727,335.727,335.727,4.51808,128.954,
319.591,315.3,-52.1983,-478.765,323.636,323.636,323.636,2.78782,210.618,
467.097,467.033,7.72727,-468.077,385.64,385.64,385.64,3.06197,246.608,
601.184,600.959,16.4519,-356.366,363.041,363.041,363.041,118.961,318.366,
389.866,378.242,-94.4902,-508.251,270.561,270.561,270.561,0.0839288,195.525,
663.772,624.11,-226.009,-667.065,270.185,270.185,270.185,27.1017,524.865,
1476.88,1476.82,-13.752,-417.634,379.81,379.81,379.81,1560.22,272.095,
386.073,373.275,-98.5779,-487.838,316.479,316.479,316.479,4.89079,26.6006,
1193.85,1188.95,-108.052,-530.915,236.017,236.017,236.017,799.746,166.757,
