0.696979,0.665245,-0.207914,-1.42858,1.18406,1.18406,1.18406,0.000814091,
0.616104,0.549036,-0.279542,-1.0112,1.18992,1.18992,1.18992,2.26061e-05,
1.10663,1.10303,-0.0891868,-0.724999,0.488227,0.488227,0.488227,0.0858144,
0.711444,0.701752,-0.117031,-0.769268,1.22414,1.22414,1.22414,0.000741906,
0.69313,0.566596,-0.399247,-0.748045,0.478593,0.478593,0.478593,0.0519118,
1.07523,1.00812,-0.373925,-0.761648,0.227581,0.227581,0.227581,0.120052,
0.690251,0.65437,-0.219649,-0.709041,0.702799,0.702799,0.702799,0.00300655,
0.591398,0.50487,-0.30799,-0.862406,0.639925,0.639925,0.639925,0.000447643,
0.595336,0.519709,-0.290392,-0.911963,0.644279,0.644279,0.644279,0.00027239,
1.96699,1.96325,-0.12126,-1.03281,0.936124,0.936124,0.936124,3.09843,
1.13285,1.11299,-0.211192,-0.995916,0.984528,0.984528,0.984528,0.108277,
0.51878,0.376625,-0.356772,-0.906234,0.392087,0.392087,0.392087,5.75e-05,
2.25392,2.2477,-0.167434,-0.949846,0.826276,0.826276,0.826276,2.20354,
0.687045,0.553045,-0.407642,-1.02203,0.481921,0.481921,0.481921,0.0047312,
0.754494,0.696672,-0.289672,-0.888779,1.14075,1.14075,1.14075,3.45245e-05,
0.596861,0.538511,-0.257389,-0.806109,0.548951,0.548951,0.548951,0.000497401,
0.860574,0.85759,-0.0716017,-0.834985,1.12987,1.12987,1.12987,0.0244208,
0.608861,0.522396,-0.312752,-0.867826,0.600337,0.600337,0.600337,0.00314261,
0.592129,0.508136,-0.303998,-0.706806,0.492186,0.492186,0.492186,0.00301919,
0.698485,0.646095,-0.26541,-0.699759,0.768088,0.768088,0.768088,0.0081606,
0.654022,0.653642,-0.0222749,-0.682102,1.04134,1.04134,1.04134,0.0311584,
0.822481,0.764979,-0.302128,-0.984661,0.534104,0.534104,0.534104,0.0101874,
0.589309,0.486607,-0.332415,-0.716971,0.486641,0.486641,0.486641,0.0085131,
0.606101,0.47243,-0.379695,-0.700296,0.393591,0.393591,0.393591,0.00125553,
1.90698,1.8366,-0.513307,-1.5933,0.39723,0.39723,0.39723,0.139662,
1.51767,1.47407,0.361145,-0.0692757,1.08249,1.08249,1.08249,0.411455,
0.741231,0.605924,-0.426943,-1.49624,1.12455,1.12455,1.12455,0.00795636,
0.975711,0.837417,-0.500745,-1.55178,0.496129,0.496129,0.496129,0.0108618,
0.944404,0.653645,-0.68165,-1.58351,0.547336,0.547336,0.547336,0.0287203,
0.822215,0.80714,-0.156728,-0.623297,1.11759,1.11759,1.11759,0.0013924,
0.767395,0.669737,-0.374629,-1.48482,0.949128,0.949128,0.949128,0.00788248,
2.64985,2.64743,-0.113221,-1.58871,1.12231,1.12231,1.12231,3.48852,
0.669287,0.669221,0.00937593,-1.01992,1.08626,1.08626,1.08626,0.0201057,
0.938149,0.646224,-0.680086,-1.54743,-0.171024,-0.171024,-0.171024,0.144899,
2.16089,2.0924,-0.539726,-1.04739,-0.142815,-0.142815,-0.142815,3.61783,
1.1694,1.16807,0.0559052,-0.749301,0.578152,0.578152,0.578152,0.24403,
0.762891,0.737213,0.196265,-0.249269,0.60636,0.60636,0.60636,0.00438483,
1.08513,1.02998,0.341523,-0.293402,1.26001,1.26001,1.26001,0.0869778,
0.690257,0.446333,-0.526538,-1.44618,0.491058,0.491058,0.491058,0.0179963,
0.384752,0.302462,-0.237805,-0.730505,0.62245,0.62245,0.62245,0.00012327,
1.407,1.36258,-0.35077,-0.845714,0.265233,0.265233,0.265233,0.257523,
1.52471,1.49772,-0.285633,-0.834162,0.653673,0.653673,0.653673,0.911661,
