894.109,811.334,375.723,373.473,39.6279,811.405,814.268,253.318,268.754,5.11981,679.653,733.516,52.6572,732.691,678.521,998.6,35.151,39.5398,32.9293,766.955,766.955,766.955,3.97673,338.4,156313,-361.969,168.627,634.355,564.117,290.135,235.173,262.974,527.205,511.644,22.6619,374.318,3.79556,744.037,668.127,59.0548,666.799,742.894,998.248,42.2758,41.4081,-320.421,728.496,728.496,728.496,0.00724774,489.878,-148880,-38.6243,325.49,
576.66,456.3,352.601,338.437,11.1033,466.769,466.999,210.439,264.885,11.0104,746.771,664.99,100.312,660.851,743.783,994.895,74.8957,67.6337,14.6576,696.903,696.903,696.903,2.96161,308.171,153752,58.2031,-23.5294,516.474,410.118,313.925,221.22,233.359,404.167,368.122,63.6815,356.618,10.5494,661.998,749.431,129.728,744.045,655.414,991.494,90.3076,93.7286,-276.951,695.066,695.066,695.066,0.0721521,418.238,-89899,63.8074,-109.804,
580.291,471.82,337.823,332.516,31.299,474.543,480.194,259.53,196.967,15.28,758.589,651.391,106.953,648.969,753.26,994.147,58.1583,91.0495,34.645,639.083,639.083,639.083,4.21235,157.485,72570.1,64.12,-125.49,1385.72,1385.13,-40.4377,130.375,1358.1,242.456,1363,201.619,147.592,82.342,650.739,754.824,987.426,49.2821,150.202,134.942,757.701,638.498,-649.244,566.034,566.034,566.034,1301.76,-49.8002,25789.5,-2.08101,-211.765,
1049.11,971.829,395.206,412.899,44.3961,963.423,969.281,148.57,372.909,16.5487,504.632,863.176,16.1461,863.047,504.866,999.733,22.2918,6.1345,-19.9796,811.671,811.671,811.671,3.20382,387.015,-178330,172.462,58.8235,1268,1256.75,168.527,1244.74,202.437,132.123,1251.64,6.29162,202.935,999.002,34.0869,28.88,44.2452,665.278,745.283,6.19115,745.817,666.122,-332.011,612.02,612.02,612.02,1487.19,290.657,-130342,190.952,196.078,
962.58,900.871,339.103,336.483,7.88506,901.819,896.842,232.756,260.881,0.960364,838.356,545.122,93.123,542.828,834.665,995.654,49.9618,78.5916,96.2728,629.845,629.845,629.845,20.1645,488.239,152763,421.739,-39.2157,1497.03,1496.97,13.033,362.85,1452.36,8.81211,1447.68,188.606,331.28,12.3477,536.457,843.838,999.901,0.95672,14.0231,6.71547,843.927,536.416,-572.269,546.907,546.907,546.907,1560.2,571.764,141548,540.106,-325.49,
568.911,485.463,296.623,313.725,125.553,457.682,457.49,130.541,311.964,12.1238,668.334,743.762,30.7616,743.215,668.345,999.453,30.9822,11.5484,1.34093,673.119,673.119,673.119,3.22931,323.794,48549.1,42.5029,-180.392,323.167,284.524,153.242,215.281,193.307,143.956,176.611,55.1142,264.968,40.5464,723.639,688.986,235.69,663.168,710.393,970.982,191.191,143.666,-240.12,612.613,612.613,612.613,0.0199407,199.914,138183,174.778,-101.961,
330.907,251.121,215.495,200.74,0.365503,263.065,258.924,42.0472,201.717,12.9164,67.6998,997.622,106.162,991.973,68.6909,994.265,106.797,5.62561,-31.0369,634.516,634.516,634.516,0.00528042,28.2267,154686,-172.849,86.2745,239.387,214.497,106.289,165.436,42.7479,167.66,124.602,160.279,126.852,28.919,996.916,72.9581,457.988,78.0914,885.522,888.488,7.80556,458.834,-349.043,573.262,573.262,573.262,0.0199058,169.969,49709.8,-394.179,247.059,
563.082,275.289,491.2,511.597,41.2454,231.579,226.919,266.247,441.227,14.9966,488.3,872.547,104.3,868.649,484.325,994.433,83.7434,63.9564,-7.52503,779.493,779.493,779.493,2.94013,392.186,279671,25.7423,172.549,387.534,201.561,330.992,175.19,320.861,128.605,21.0233,11.0462,386.805,22.9429,877.396,479.219,438.211,422.017,793.645,898.579,228.207,374.802,-643.936,761.463,761.463,761.463,0.00969317,291.951,143226,-85.173,-31.3726,
463.019,285.417,364.588,380.15,45.3417,260.418,262.653,232.123,302.521,6.17413,699.9,714.214,2.33445,714.216,699.922,999.978,5.98871,2.77577,10.1511,784.873,784.873,784.873,7.02446,293.833,342995,-545.098,600,253.878,194.411,163.274,206.348,142.748,38.6945,3.08827,44.5813,249.914,21.1051,716.105,697.674,269.825,667.855,693.66,962.678,202.89,179.128,-615.457,781.681,781.681,781.681,0.793793,245.839,89295.6,-154.22,501.961,
462.652,292.363,358.567,362.699,104.514,267.531,277.444,124.884,348.533,6.18007,537.89,842.992,82.0959,840.436,535.657,996.605,65.8958,49.3525,44.8603,712.66,712.66,712.66,4.38966,354.421,-262463,-255.907,537.255,303.015,216.694,211.806,200.476,139.28,179.523,87.7154,45.3646,286.472,18.0434,825.922,563.496,506.967,478.208,717.148,861.777,298.614,410.086,-376.871,697.105,697.105,697.105,0.0160267,281.838,-187931,-422.095,109.804,
1271.75,1253.77,213.065,170.956,640.637,1085.22,1263.87,131.977,50.6899,23.7282,904.88,425.005,515.185,375.397,770.495,856.751,200.674,475.088,66.7425,349.427,349.427,349.427,371.568,356.832,105347,-315.719,392.157,948.338,948.229,-14.3882,128.467,131.251,930.384,931.893,133.426,114.537,34.1317,424.547,904.763,63.2202,904.394,421.989,997.416,42.7961,57.7085,-590.846,342.054,342.054,342.054,0.009962,401.77,91733.1,120.513,184.314,
364.455,233.33,279.972,289.894,52.3643,214.585,214.716,120.703,268.617,1.48549,568.98,822.35,5.66025,822.333,568.978,999.983,5.49992,1.999,27.3672,528.41,528.41,528.41,3.65206,224.245,80364.7,177.651,43.1373,206.607,173.598,112.027,142.55,137.2,59.5151,97.2256,55.5237,173.639,8.61252,827.697,561.11,304.411,532.327,789.912,952.502,177.611,247.375,-388.387,521.512,521.512,521.512,0.0577551,158.018,162177,-126.669,94.1176,
