1328.12,62.5,188.235,524.853,10.7644,396.932,903.275,1123.55,726.617,4.54941,0.000105643,6.37492e-05,0.00010273,6.56056e-05,207.707,87.1228,10.2923,
1339.29,333.333,82.3529,1089.8,1.86319,161.437,324.511,401.547,240.11,3.61715,8.79243e-05,8.20035e-05,8.80689e-05,8.26259e-05,106.394,86.3389,21.2538,
0,235.294,133.333,675.755,12.04,392.608,939.821,1119.31,726.698,6.7088,2.39885e-05,2.21353e-05,2.3658e-05,2.18659e-05,219.502,103.633,1.03726,
1201.17,363.636,86.2745,758.937,12.9376,400.883,897.13,1084.83,683.946,6.52471,2.59808e-05,2.53546e-05,2.25347e-05,2.39385e-05,227.689,93.1864,27.4865,
1318.36,205.128,152.941,824.22,12.614,402.481,866.271,1050.78,648.297,7.46076,3.30659e-05,4.15539e-05,3.45709e-05,4.11333e-05,224.999,91.4878,53.9437,
1138.39,166.667,164.706,686.537,12.602,403.117,853.925,1042.99,639.868,8.51535,1.91108e-05,5.43954e-05,1.0102e-05,2.53159e-05,225.462,92.0394,90.5947,
72.1154,333.333,152.941,771.301,11.4168,405.295,875.157,1052.49,647.19,9.05872,2.41656e-05,2.07281e-05,2.41459e-05,2.04173e-05,214.648,103.557,82.6472,
0,86.9565,180.392,710.628,13.9186,460.14,991.42,1224.02,763.884,14.6959,1.74972e-05,1.89272e-05,1.80243e-05,1.85557e-05,236.308,102.285,53.7568,
1230.47,142.857,109.804,545.249,12.6551,418.092,867.929,1055.05,636.956,13.0565,3.27912e-05,3.03701e-05,3.29301e-05,2.89732e-05,225.997,106.154,92.45,
0,44.4444,352.941,618.643,9.75636,399.384,892.024,1066.73,667.345,9.02814,2.7802e-05,2.85796e-05,2.75767e-05,2.87665e-05,198.776,98.3448,99.4611,
937.5,125,125.49,604.503,12.6982,420.36,857.162,1051.53,631.173,12.7878,2.6347e-05,2.8577e-05,2.58957e-05,2.88838e-05,226.714,102.324,104.487,
0,24.3902,321.569,507.303,14.1169,404.525,907.367,1094.59,690.063,9.74497,3.40902e-05,3.416e-05,3.43177e-05,3.43878e-05,238.581,100.797,76.0651,
93.75,54.9451,356.863,578.607,12.4999,428.881,903.112,1113.28,684.397,18.1989,2.69519e-05,1.95596e-05,2.69619e-05,1.88782e-05,224.948,105.243,108.02,
1218.75,63.2911,309.804,623.234,11.965,391.814,902.497,1081.94,690.128,9.30931,2.48109e-05,2.36708e-05,2.35231e-05,2.35225e-05,220.179,92.378,112.996,
93.75,60.9756,321.569,606.232,11.8295,410.595,879.632,1087.68,677.088,7.85172,3.03253e-05,3.87525e-05,3.15491e-05,3.67977e-05,218.818,87.322,100.17,
1113.28,98.7654,317.647,591.53,11.4271,409.03,896.115,1068.68,659.653,9.27209,2.38067e-05,2.25078e-05,2.29353e-05,2.37349e-05,215.632,88.8073,105.262,
136.719,260.87,180.392,1056.5,10.807,375.633,170.675,393.466,17.8332,4.4296,0.000123692,0.000200634,0.000119012,0.00019456,211.853,66.5243,61.1636,
1250,122.449,192.157,706.643,15.2133,402.707,927.694,1060.58,657.871,4.42924,0.000157683,0.000148947,0.000159264,0.000155838,250.886,67.8996,51.0229,
1171.88,285.714,54.902,826.297,10.5127,366.927,998.525,1197.24,830.314,7.25689,4.13002e-05,4.82143e-05,4.14314e-05,4.61724e-05,211.973,77.7488,65.3045,
1367.19,146.341,160.784,625.704,9.89494,368.837,946.402,1122.98,754.144,11.0443,6.95501e-05,5.71899e-05,6.85552e-05,5.6276e-05,199.315,100.565,6.43903,
104.167,281.25,125.49,656.528,11.767,393.075,973.046,1153.23,760.158,6.41882,2.44978e-05,2.41061e-05,2.70272e-05,2.73698e-05,217.228,93.9717,14.2253,
890.625,78.1251,250.98,625.915,13.0595,410.919,751.194,948.216,537.297,7.46713,2.96671e-05,3.45005e-05,2.67243e-05,3.16169e-05,228.962,106.684,42.7438,
1380.21,225,156.863,726.467,13.3535,401.807,885.382,1074.31,672.501,6.69692,2.62111e-05,2.57666e-05,2.52229e-05,2.45784e-05,232.147,103.209,41.2473,
1218.75,96.1538,203.922,576.448,12.8642,399.353,821.064,1009.59,610.233,7.64926,5.01125e-05,5.42715e-05,5.24718e-05,5.63784e-05,227.077,98.151,45.3641,
1125,370.37,105.882,813.466,12.2295,405.256,869.714,1092.68,687.425,8.68015,3.9079e-05,2.53563e-05,4.25909e-05,3.03222e-05,224.029,84.7279,11.9808,
1041.67,176.471,200,674.002,13.5725,415.32,843.62,1039.88,624.56,8.75764,3.01245e-05,3.84194e-05,2.97803e-05,3.57814e-05,233.528,97.944,59.6185,
