16.7411,118.644,462.745,655.601,50.9913,716.792,409.556,706.939,-9.85283,7.59007,452.534,73.3538,22.3925,
0,163.934,478.431,411.214,17.4827,630.018,316.129,613.961,-16.0562,114.127,374.389,265.374,85.3212,
68.9338,377.778,176.471,522.392,24.1053,655.466,320.006,614.612,-40.8537,15.9292,359.94,192.381,4.49228,
13.0208,418.605,168.627,534.361,24.1442,666.039,312.06,624.363,-41.6757,15.7208,398.407,169.471,7.88744,
58.5938,285.714,164.706,639.481,19.5468,611.7,568.12,865.351,253.65,9.74093,358.682,153.091,34.1553,
26.0417,264.706,133.333,524.11,27.1057,655.497,605.412,922.306,266.808,16.3935,369.925,172.331,39.9734,
1367.19,121.622,580.392,898.109,5.40811,298.563,845.713,971.54,672.977,5.26689,193.737,146.703,53.8912,
1370.19,317.073,160.784,748.611,21.6667,625.444,667.635,979.525,354.081,16.8353,390.903,175.781,31.7449,
1171.88,200,39.2157,825.509,2.72351,206.052,745.712,851.932,645.88,1.08426,137.613,47.1478,47.2016,
68.9338,202.381,329.412,490.819,18.6495,611.091,542.833,768.849,157.758,13.8657,307.98,259.904,58.57,
1347.66,421.053,74.5098,499.231,18.5634,633.001,455.249,715.124,82.1229,10.4966,395.038,106.63,7.23618,
58.5937,352.941,133.333,460.362,10.4365,546.393,484.162,714.746,168.353,9.37728,326.184,135.1,7.31292,
110.294,293.103,227.451,844.77,13.9282,484.217,401.955,651.988,167.771,15.3722,303.176,190.211,25.3121,
1388.22,152.941,333.333,905.875,28.3884,648.692,341.545,682.63,33.9373,18.3365,361.605,276.543,3.47304,
1214.49,366.667,117.647,499.876,7.20905,408.224,382.085,570.737,162.513,21.1663,264.408,123.99,8.36063,
97.6562,315.789,149.02,459.248,16.3851,591.853,384.532,626.38,34.5264,6.08551,349.395,100.935,33.8793,
1376.95,171.429,549.02,1816.96,39.4417,732.435,348.314,660.661,-71.7748,86.4868,399.079,337.545,93.6764,
75.3348,239.316,458.824,456.763,27.7903,712.358,495.988,776.697,64.3389,33.9602,380.817,274.766,73.5924,
44.6429,143.836,572.549,502.535,25.4005,590.964,556.843,775.598,184.634,10.361,321.416,181.611,38.3017,
1384.94,282.051,152.941,525.016,27.5253,675.835,258.583,705.2,29.3654,33.1241,370.276,222.135,94.898,
1318.36,275.862,113.725,629.015,26.6689,683.327,308.043,625.849,-57.4782,15.1637,371.113,148.444,63.9576,
1328.12,153.846,152.941,563.98,22.6907,671.645,344.484,652.863,-18.7819,11.9927,380.6,114.765,59.9832,
124.081,472.222,282.353,494.602,60.1414,853.661,409.43,841.405,-12.2564,87.9667,502.401,301.672,52.858,
89.7606,824.561,223.529,252.634,49.2828,863.9,367.351,857.377,-6.52347,12.2913,446.456,92.9344,37.2714,
105.23,777.778,247.059,697.336,60.1895,897.114,455.561,867.269,-29.845,36.3858,490.712,273.132,5.27396,
108.173,166.667,305.882,1498.95,11.0288,468.301,533.953,710.341,242.04,23.1197,341.484,207.391,58.119,
70.3125,119.048,329.412,1832.07,11.6732,401.233,501.971,692.969,291.736,19.684,340.812,216.553,65.7349,
19.5312,125,376.471,1594.06,8.59856,374.662,526.171,681.799,307.137,10.3756,341.402,183.566,32.1363,
105.469,384.615,203.922,464.84,26.4676,625.157,298.364,591.307,-33.8499,17.7276,376.351,166.611,0.273978,
1392.46,303.571,219.608,862.389,3.31046,244.696,546.682,674.004,429.307,13.1928,216.531,69.7219,57.4367,
1171.88,166.667,23.5294,445.974,11.1732,443.073,370.022,595.425,152.352,6.56559,238.17,147.495,38.5892,
