1299.2,1259.38,319.19,-145.662,730.771,730.771,730.771,0.460156,-977.867,
1526.19,1501.09,275.675,-813.625,805.964,805.964,805.964,551.614,-1192.92,
2306.96,2288.89,-288.209,-676.688,49.5913,49.5913,49.5913,3849.13,-1716.47,
863.642,772.842,385.478,-132.398,735.68,735.68,735.68,0.925918,-501.421,
1743.64,1720.63,-282.314,-711.972,72.7114,72.7114,72.7114,1074.26,-466.694,
935.162,856.304,375.861,-293.875,869.261,869.261,869.261,1.51647,-449.437,
1925.99,1906.43,273.792,-667.95,966.94,966.94,966.94,2961.48,-874.052,
969.853,875.625,417.007,-143.63,982.728,982.728,982.728,9.34615,-342.218,
1246.39,1226.02,224.405,-933.837,973.495,973.495,973.495,0.123489,-978.31,
2524.11,2473.35,503.621,-354.819,884.2,884.2,884.2,3991.98,-2373.85,
3416.18,3415.86,46.9551,-799.697,836.412,836.412,836.412,8417.04,-3068.46,
1249.53,1175.39,424.029,-668.884,1345.68,1345.68,1345.68,792.332,-296.577,
880.592,806.187,354.267,-764.339,1242.13,1242.13,1242.13,0.88429,-540.674,
565.482,527.043,204.928,-711.288,632.202,632.202,632.202,2.51347,-123.406,
1120.7,1026.65,449.403,-447.317,1137.74,1137.74,1137.74,591.841,-109.725,
1004.3,764.242,651.578,205.959,1170.33,1170.33,1170.33,417.436,-528.682,
1305.43,1240.83,405.567,-636.803,1527.95,1527.95,1527.95,15.6606,-240.993,
968.784,935.082,253.304,-828.446,1347.86,1347.86,1347.86,90.2085,-17.9599,
557.963,398.139,390.907,-650.545,1400.7,1400.7,1400.7,4.58439,-113.103,
1402.96,1196.51,732.581,-630.436,1396.3,1396.3,1396.3,336.452,-344.135,
845.741,617.453,577.952,-335.78,1405.03,1405.03,1405.03,0.0179327,-393.048,
3152.97,3150.59,122.562,-931.544,1342.25,1342.25,1342.25,6035.06,-2900.22,
664.239,585.239,314.179,-882.266,1398.18,1398.18,1398.18,8.0765,-340.683,
1749.74,1657.3,561.22,-64.6356,1381.03,1381.03,1381.03,727.072,-960.721,
1022.38,917.93,450.195,-40.7659,838.253,838.253,838.253,78.5747,-363.172,
