1456.88,1343.33,-563.884,-1394.64,775.203,775.203,775.203,0.174465,-523.555,
1128.28,961.794,589.879,-731.087,1587.86,1587.86,1587.86,0.61172,379.731,
1573.14,1424.37,-667.792,-1330.79,88.2455,88.2455,88.2455,8.12131,34.7268,
1346.88,1343.01,-102.069,-1398.54,1122.15,1122.15,1122.15,0.0232734,-424.614,
2003.71,1986.58,-261.408,-1546.11,1476.81,1476.81,1476.81,972.631,-1627.28,
1348.17,1324.94,249.177,-499.158,1345.8,1345.8,1345.8,23.6059,-232.289,
969.845,944.227,221.436,-1310.02,1374.31,1374.31,1374.31,152.488,-472.308,
896.093,895.735,-25.3226,-455.652,720.267,720.267,720.267,17.1015,-310.478,
1123.79,1118.67,107.134,-1198.43,1332.65,1332.65,1332.65,149.421,722.274,
2272.23,2252.8,296.498,-1023.28,1348.11,1348.11,1348.11,1593.5,835.519,
4604.41,4604.01,-60.4377,-1520.94,1328.16,1328.16,1328.16,10009.7,3345.23,
3038.17,3017.13,-356.936,-1600.77,1083.16,1083.16,1083.16,1892.01,2509.71,
2179.81,2131.44,-456.666,-1580.82,1088.15,1088.15,1088.15,1824.5,-694.612,
931.733,908.087,-208.578,-1198.59,1283.79,1283.79,1283.79,0.0162252,-108.107,
1091.42,1089.19,-69.7621,-1314.53,1115.54,1115.54,1115.54,0.0184122,-244.097,
1050.65,1022.14,-243.135,-1308.4,1017.49,1017.49,1017.49,0.00970017,501.993,
1414.78,1400.26,202.175,-551.124,1236.99,1236.99,1236.99,1142.91,-418.958,
723.12,709.908,137.603,-1227.57,1458.31,1458.31,1458.31,0.00756001,-95.1427,
1213.29,1186.41,-254.003,-1464.7,683.816,683.816,683.816,113.462,-10.3821,
1355.78,1342.99,-185.787,-1404.75,852.698,852.698,852.698,0.262257,762.519,
2602.6,2562.45,-455.39,-1439.46,780.914,780.914,780.914,5188.31,-2507.17,
493.151,416.68,-263.773,-1390.18,836.848,836.848,836.848,0.234884,52.3646,
2874.45,2868.06,191.617,-1327.4,1432.61,1432.61,1432.61,6424.7,2559.54,
1525.07,1524.98,-16.7326,-572.552,819.696,819.696,819.696,378.06,-567.673,
3400.75,3372.34,438.658,-509.77,1415.46,1415.46,1415.46,7715.31,1939.5,
1189.11,1163.17,247.04,-565.704,1366.18,1366.18,1366.18,371.585,-620.037,
1187.22,1185.43,-65.1365,-1318.9,918.905,918.905,918.905,0.0226079,52.4054,
1667.61,1665.89,75.8228,-1218.94,1110.72,1110.72,1110.72,11.2464,199.382,
1814.94,1659.01,-735.992,-1412.92,-134.383,-134.383,-134.383,1310.67,508.652,
1158.99,1155.49,89.9324,-1575.4,1490.1,1490.1,1490.1,0.142144,399.537,
2012.35,2003.43,-189.338,-1123.07,732.496,732.496,732.496,2144.32,-1546.67,
