29.2969,111.111,282.353,426.506,11.4585,408.996,929.178,1133.8,724.808,11.8693,1.52155e-05,1.80711e-05,1.57353e-05,1.88486e-05,246.578,214.083,11.394,
1333.01,135.593,462.745,559.569,11.3189,387.049,898.628,1086.98,699.928,7.34564,4.51484e-05,2.60817e-05,4.91259e-05,3.15971e-05,213.367,207.272,6.53174,
33.4821,189.189,290.196,643.416,12.0475,402.376,863.515,1058.75,656.374,7.61604,5.96544e-05,5.96676e-05,5.94634e-05,6.03403e-05,224.666,214.165,5.82304,
58.5938,131.868,356.863,584.974,11.034,428.35,879.595,1068.8,640.449,8.87495,5.67627e-05,7.29344e-05,4.96279e-05,6.53986e-05,210.583,198.364,0.232524,
0,80.8824,533.333,1006.67,14.4491,442.447,995.692,1216.45,774.003,22.3803,4.1344e-05,3.92618e-05,3.66743e-05,3.37735e-05,242.364,214.435,1.85912,
97.6562,131.868,356.863,429.864,10.8752,404.414,877.515,1072.84,668.429,7.0073,3.86892e-05,3.98635e-05,2.83651e-05,2.75303e-05,230.11,190.224,15.107,
187.5,166.667,235.294,375.463,12.5169,417.433,874.988,1070.62,653.182,9.48675,4.37948e-05,4.52624e-05,4.29144e-05,4.39988e-05,227.672,203.107,2.05518,
156.25,111.111,423.529,389.267,7.5776,399.852,952.537,1100.43,700.58,14.6979,4.16435e-05,5.85511e-05,1.69428e-05,2.2482e-05,228.484,173.202,15.2097,
171.875,144.231,407.843,397.911,12.5145,404.382,906.804,1100.08,695.701,6.38325,2.13886e-05,7.6367e-05,1.26865e-05,7.86351e-05,227.814,189.959,12.9273,
127.841,98.2143,439.216,411.364,13.0691,425.808,906.004,1113.16,687.353,8.47071,5.0189e-05,5.43573e-05,5.03729e-05,4.93947e-05,228.856,203.566,18.0976,
131.836,202.532,309.804,450.545,14.4444,451.316,905.126,1117.92,666.609,11.1286,4.00873e-05,4.41615e-05,4.11189e-05,4.35573e-05,241.525,164.737,3.04458,
78.125,131.868,356.863,397.422,12.8036,421.119,882.324,1088.05,666.929,8.1214,4.84562e-05,4.8243e-05,4.79432e-05,4.6462e-05,226.489,213.632,22.643,
85.2273,104.762,411.765,564.001,1.24284,154.513,982.537,1052.51,897.997,1.48027,0.000421166,0.000429696,0.000451884,0.000438186,140.079,62.0018,2.69879,
1065.34,135.802,317.647,757.787,9.18445,379.709,982.366,1170.21,790.501,19.4824,2.82389e-05,3.29591e-05,3.01767e-05,3.5e-05,209.451,187.118,150.559,
55.1471,158.878,419.608,572.914,12.476,411.47,880.91,1082.67,671.205,20.5239,4.79553e-05,4.98454e-05,4.89352e-05,4.92832e-05,224.684,197.471,100.015,
21.3068,107.843,400,434.088,13.0545,409.366,838,1031.87,622.506,10.949,8.24702e-05,8.595e-05,8.1353e-05,8.36404e-05,229.287,201.353,12.2917,
1352.16,151.163,337.255,616.55,13.7753,437.002,890.898,1106.62,669.619,28.7182,2.02653e-05,1.95106e-05,1.80144e-05,1.65815e-05,242.878,229.239,73.218,
0,43.4783,450.98,491.456,13.1842,407.047,838.119,1033.13,626.082,11.942,5.25697e-05,8.46378e-05,4.43394e-05,8.52601e-05,230.166,193.426,36.5,
