480.469,412.371,380.392,737.195,0.105304,44.1648,1155.88,1178.14,1133.98,19.963,134.451,53.4681,989.531,
461.648,190.751,678.431,701.707,0.46259,87.8477,1189.22,1232.46,1144.61,64.2002,235.522,88.3614,884.256,
281.25,621.302,662.745,609.032,0.331869,82.7593,1154.37,1194.9,1112.14,117.25,279.271,187.395,997.451,
518.699,303.483,788.235,821.197,0.186071,53.3792,1087.92,1110.8,1057.42,21.2676,85.9387,74.1882,956.21,
96.5074,203.593,654.902,809.3,0.260034,68.5192,1093.34,1127.92,1059.4,61.1417,193.458,74.7808,945.117,
480.576,868.526,984.314,638.588,0.382991,78.6069,986.363,1027.94,949.334,13.6139,141.345,46.7861,953.017,
1087.24,276.923,509.804,633.089,0.301595,82.7575,964.024,1011.45,928.695,138.371,278.228,211.787,998.098,
425.851,888.889,988.235,594.517,0.135459,66.2372,1006.56,1041.85,975.615,131.964,256.517,212.141,999.489,
347.877,719.457,866.667,824.498,0.20004,60.3355,1115.89,1142.55,1082.22,31.5743,211.732,47.5638,821.607,
668.355,928.571,768.627,404.953,0.274786,70.4967,999.739,1041.9,971.403,127.594,246.593,173.345,994.973,
857.372,549.296,835.294,370.531,0.316228,72.0677,1020.19,1062.86,990.796,127.204,258.382,147.319,985.653,
