1278.41,211.538,203.922,880.411,0.0235191,37.3591,407.296,421.85,384.491,71.587,200.772,111.156,998.964,
1065.34,122.222,352.941,634.179,0.0708134,39.2758,1065.43,1085.25,1045.98,59.5525,212.48,96.1154,997.125,
23.4375,102.041,384.314,484.926,0.0968453,51.3233,1066.37,1088.2,1036.87,56.9442,215.05,92.9779,995.57,
918.75,206.612,474.51,610.271,0.0909772,44.6769,1069.89,1095.39,1050.71,65.2013,215.63,107.852,996.664,
1289.06,66.6667,352.941,367.196,0.1353,53.6513,1070.74,1101.97,1048.32,65.6431,216.659,101.679,994.746,
1171.88,35.2113,556.863,432.003,0.0988226,41.7386,1086.89,1110.21,1068.47,32.5625,213.539,53.1382,994.397,
1113.28,40.404,388.235,402.341,0.11911,56.3393,1070.56,1100.57,1044.23,47.8061,191.746,77.2933,993.565,
1218.75,34.2466,572.549,237.66,0.0486808,33.7481,1115.64,1131.71,1097.96,21.509,115.219,76.1553,995.381,
1081.73,98.4849,517.647,441.711,0.0882329,41.9445,1080.33,1103.11,1061.16,43.2122,216.324,75.0876,996.515,
39.0625,285.714,82.3529,823.151,0.149441,100.942,420.487,461.766,360.824,89.785,248.37,133.701,999.69,
1223.96,84.9057,415.686,557.928,0.0176874,24.7781,1059.28,1072.72,1047.94,43.6134,183.818,97.077,999.505,
117.188,135.593,231.373,563.012,0.301331,68.6281,1139.5,1178.36,1109.73,10.8481,67.7788,52.0079,867.732,
125.558,363.636,301.961,631.459,0.0321068,27.9496,1157.58,1169.01,1141.06,9.71901,104.284,46.2738,991.632,
0,14.8148,529.412,468.732,0.0355404,32.2579,945.592,959.768,927.51,58.3904,204.73,102.668,997.476,
1171.88,38.4616,509.804,439.988,0.0411432,33.6378,1021.33,1036.22,1002.58,52.3585,188.367,91.9795,998.38,
937.5,166.667,23.5294,394.139,0.0217298,39.2282,362.553,380.103,340.875,60.1659,191.816,104.887,998.04,
