995.964,910.459,-403.744,-856.93,415.051,415.051,415.051,179.934,672.945,
852.799,764.113,-378.678,-927.247,470.69,470.69,470.69,170.267,657.731,
1285.79,1258.58,-263.113,-784.772,366.856,366.856,366.856,369.588,830.359,
906.152,841.033,-337.306,-733.034,263.174,263.174,263.174,109.488,529.588,
899.12,783.171,-441.655,-1410.35,330.318,330.318,330.318,131.271,604.72,
835.16,729.644,-406.34,-1397.69,365.327,365.327,365.327,98.8571,396.133,
1402.32,1375.08,-275.07,-542.501,142.814,142.814,142.814,635.121,222.022,
1302.31,1109.08,-682.611,-1584.98,-51.5512,-51.5512,-51.5512,466.45,120.278,
1297.93,1179.23,-542.251,-1084.95,-23.3429,-23.3429,-23.3429,157.426,848.306,
959.946,856.294,-433.886,-1294.83,590.389,590.389,590.389,127.647,623.245,
