75.205,
-18.1416,
-21.588,
-15.3849,
59.4823,
95.7794,
-71.3236,
-74.3201,
-18.8522,
-58.5073,
-31.6281,
-24.9678,
-41.5053,
-22.377,
-39.3909,
-52.2938,
-30.4597,
-54.2982,
123.899,
-85.3466,
-87.0849,
-37.052,
30.4929,
-90.8002,
-95.0187,
180.993,
-24.6634,
-10.0335,
65.6089,
-23.6707,
-18.0931,
-12.1275,
-47.2148,
-40.2352,
48.3496,
26.967,
-11.1606,
-28.248,
-148.075,
-41.4258,
-123.236,
6.84315,
-46.0533,
14.1879,
-14.1041,
-85.4945,
56.565,
-70.1519,
-27.237,
-67.7686,
-130.222,
-25.0975,
-88.4281,
-102.637,
-39.1601,
-29.6326,
-35.2489,
