78.125,307.692,152.941,106.994,8.16434,395.435,214.924,393.861,-1.57434,63.3241,2.06866e-05,2.06682e-05,2.0978e-05,2.09452e-05,316.085,181.084,64.9154,
89.2857,420,196.078,165.868,4.74293,277.886,167.822,336.168,58.2827,50.9665,4.43257e-05,4.63842e-05,4.19526e-05,4.06883e-05,470.876,118.534,0.431892,
78.125,281.25,125.49,270.333,3.62343,320.802,311.125,499.849,179.046,82.9133,1.66874e-05,1.91668e-05,1.61897e-05,1.92589e-05,686.691,117.868,86.5532,
23.4375,227.273,172.549,307.793,9.04786,391.963,497.232,679.879,287.916,57.6126,9.92172e-06,8.00294e-06,1.03108e-05,8.56112e-06,437.95,188.741,25.5556,
0,222.222,105.882,483.421,4.19499,250.824,486.696,599.395,348.572,4.7692,0.00021344,5.02469e-05,0.000207441,5.7483e-05,131.062,67.9462,82.7079,
1382.81,200,196.078,271.045,2.58956,220.408,561.623,647.722,427.314,9.69543,3.43386e-05,4.06483e-05,3.22563e-05,3.94924e-05,248.033,96.3344,53.6891,
0,363.636,86.2745,288.929,4.622,298.771,165.927,309.982,11.2107,14.3528,0.000104922,0.000124864,9.85152e-05,0.000122469,178.604,104.5,63.2615,
160.362,387.755,192.157,490.993,8.42057,441.988,263.867,452.698,10.7098,58.4118,4.26729e-05,3.7494e-05,4.32834e-05,3.81283e-05,320.313,164.121,137.553,
87.8906,470.588,66.6667,87.0542,3.85162,298.879,141.386,337.039,38.1599,37.8731,6.94171e-05,6.28131e-05,6.48542e-05,5.78473e-05,316.641,104.698,54.6303,
0,326.087,180.392,319.033,5.57943,291.042,112.72,248.688,-42.3536,5.23354,0.000129909,0.000136084,0.000142922,0.000182475,149.53,67.1335,35.5998,
26.0417,281.25,125.49,317.001,2.10754,237.195,48.4388,134.871,-102.324,37.6508,7.81312e-05,8.32049e-05,7.3224e-05,8.06771e-05,302.599,85.8852,222,
98.6842,452.381,164.706,231.702,11.1241,380.544,230.706,424.043,43.4989,31.8168,6.50523e-05,4.59182e-05,6.48296e-05,4.06311e-05,231.256,165.088,28.282,
46.875,394.737,149.02,297.15,11.269,406.863,201.405,418.632,11.7691,54.7809,4.90738e-05,2.35101e-05,4.44167e-05,2.01743e-05,357.077,171.471,51.773,
