66.9643,368.421,74.5098,687.909,0.0800225,62.8822,594.2,619.439,556.557,47.9779,4.27967e-05,4.42378e-05,3.96273e-05,3.95026e-05,206.996,71.1561,976.792,
0,285.714,82.3529,669.991,0.094577,57.495,561.066,585.2,527.705,86.1985,2.87164e-05,2.65604e-05,3.00885e-05,2.60114e-05,391.01,70.6791,975.308,
1328.12,136.364,86.2745,827.256,0.0351155,54.282,791.505,820.078,765.796,82.5142,4.04585e-05,3.64237e-05,3.88755e-05,3.75951e-05,337.672,90.5524,999.562,
58.5938,173.913,90.1961,785.103,0.0560441,49.2089,795.133,821.435,772.226,92.0442,2.83578e-05,3.12536e-05,3.09018e-05,3.1378e-05,317.033,105.596,998.591,
117.188,142.857,54.902,724.805,0.0723693,50.4673,835.185,860.584,810.117,93.075,2.10772e-05,1.05325e-05,3.42115e-05,1.82897e-05,387.508,81.2613,995.15,
1083.98,163.265,192.157,917.808,0.330775,84.941,922.664,962.35,877.409,91.3452,1.34892e-05,1.48233e-05,1.32387e-05,1.41581e-05,304.457,90.3501,942.68,
1171.88,128.205,152.941,1002.6,0.255596,75.8546,970.231,1011.33,935.476,101.363,5.19561e-06,1.06942e-05,5.26447e-06,1.13228e-05,275.499,115.66,985.149,
1125,32.6797,600,1185.49,0.378343,117.983,753.902,806.918,688.935,113.601,2.44969e-05,2.13547e-05,2.84312e-05,2.38123e-05,300.799,118.327,987.269,
1289.06,137.931,227.451,815.696,0.263618,73.5139,600.873,643.732,570.218,97.0536,1.62478e-05,1.82557e-05,1.73397e-05,1.79154e-05,228.588,132.039,982.825,
1218.75,175.439,223.529,796.448,0.0349968,50.8088,613.166,645.754,594.946,59.0343,3.48956e-05,3.64038e-05,3.73349e-05,3.65055e-05,160.931,126.541,997.459,
1312.5,128.205,152.941,648.274,0.143611,65.5169,587.842,623.14,557.624,85.3415,1.96149e-05,3.23111e-05,2.52663e-05,3.04995e-05,379.17,66.2676,973.609,
140.625,181.818,215.686,666.995,0.127938,52.3329,606.422,636.331,583.998,26.2959,3.40411e-05,2.37023e-05,2.36327e-05,2.13575e-05,206.395,41.0267,919.11,
78.125,346.154,203.922,1329.49,0.0658046,52.1004,453.518,482.252,430.152,33.1592,0.000134718,0.000136803,0.000139829,0.000191715,136.58,86.0457,995.03,
66.9643,291.667,94.1176,717.75,0.311253,75.6886,657.949,705.19,629.501,49.6344,3.83685e-05,5.60562e-05,1.21596e-05,1.46454e-05,207.52,81.0629,978.588,
1132.81,272.727,86.2745,744.973,0.576966,114.376,623.079,679.71,565.334,85.6752,3.19692e-05,3.11444e-05,3.15552e-05,3.0658e-05,332.591,72.4841,977.539,
1250,157.895,149.02,845.855,0.102615,53.2288,578.412,598.831,545.602,9.82299,0.000110455,0.00014623,0.000129723,0.000172799,186.056,16.7859,786.808,
920.759,186.667,294.118,1511.85,0.381879,88.2235,644.523,697.045,608.821,176.889,1.41989e-05,1.28729e-05,1.73477e-05,1.44899e-05,361.857,161.925,993.376,
1078.12,113.636,172.549,1051.06,0.177025,73.2393,601.35,636.77,563.531,66.1568,6.81805e-05,6.70561e-05,7.02075e-05,6.82084e-05,320.94,71.8766,997.649,
1328.12,181.818,129.412,888.875,0.1506,66.2707,560.118,591.364,525.094,64.3362,0.000104668,0.000110198,0.000108746,0.000101469,241.473,103.957,989.647,
1328.12,120,98.0392,1111.75,1.3567,161.161,629.987,703.59,542.43,145.351,5.27747e-06,1.30247e-05,1.84599e-05,1.77916e-05,371.239,115.271,959.484,
29.2969,228.571,137.255,1243.53,0.183415,67.8828,677.586,708.424,640.541,59.6585,5.30174e-05,9.987e-05,4.66115e-05,0.000138397,264.781,80.3138,996.191,
1347.66,235.294,133.333,1015.88,0.314845,76.0291,605.304,643.259,567.229,66.4533,6.7489e-05,5.7931e-05,7.71582e-05,7.47421e-05,157.26,139.002,981.163,
1367.19,162.162,145.098,891.678,0.0826655,59.3785,675.47,703.518,644.14,104.465,3.73778e-05,2.81187e-05,4.18679e-05,3.55299e-05,276.551,126.481,999.068,
970.982,437.5,62.7451,623.064,0.0124025,31.3141,564.593,583.505,552.191,54.8798,4.42278e-05,3.47939e-05,4.58781e-05,3.04733e-05,206.294,78.5133,999.895,
