876.7,979.508,956.863,1881.62,0.0177501,22.3767,771.27,784.277,761.9,11.517,103.6,34.3428,993.531,
1382.81,952.381,247.059,2019.26,0.00539639,17.6183,750.497,758.278,740.66,11.1082,107.668,35.4982,998.876,
954.241,218.75,752.941,1519.88,0.0854009,63.2005,627.444,642.154,578.954,14.3661,97.8569,48.6158,979.064,
325.69,978.814,925.49,898.184,0.108108,65.7769,656.429,676.605,610.828,15.6541,119.249,42.7358,969.567,
400.127,1000,870.588,1222.99,0.0192796,23.499,955.565,964.222,940.723,12.286,103.455,41.8581,999.822,
198.593,592.76,866.667,627.236,0.0766602,40.9687,577.109,597.813,556.845,10.7829,101.942,39.9413,987.854,
721.388,442.529,682.353,1202.38,0.271697,73.0993,667.065,699.869,626.769,10.284,95.2418,39.4341,912.871,
1322.99,531.469,560.784,942.859,0.0235442,29.4303,620.316,630.257,600.827,11.5236,86.0622,44.7661,996.692,
1236.98,281.25,501.961,1002.3,0.0436913,35.7727,645.39,658.247,622.474,11.6636,89.4581,48.7426,977.798,
660.654,914.11,639.216,1127.82,0.194315,69.2458,753.452,780.908,711.662,10.3913,78.3086,42.408,945.028,
174.632,850,470.588,1154.13,0.0639557,33.9311,789.015,804.18,770.249,13.1217,105.969,40.6451,994.306,
