1.82564,1.80567,-0.269244,-0.791562,0.347691,0.347691,0.347691,1.45665,
2.97194,2.94367,0.40895,-0.225987,1.06942,1.06942,1.06942,5.56633,
2.37243,2.29657,0.595162,-0.0888187,1.1007,1.1007,1.1007,2.86694,
1.02923,0.987243,0.290977,-0.865358,0.992849,0.992849,0.992849,0.513933,
1.08922,1.07076,0.199724,-0.883406,1.28569,1.28569,1.28569,0.722156,
1.49118,1.4487,0.353421,-0.651778,1.23151,1.23151,1.23151,1.40394,
0.663243,0.493284,0.443354,-0.700182,1.19461,1.19461,1.19461,0.0012977,
1.14352,1.05935,0.430604,-0.356939,0.991541,0.991541,0.991541,0.456821,
1.0442,0.978496,0.364555,-0.93805,1.05161,1.05161,1.05161,0.422647,
0.938283,0.822686,0.45118,-0.905864,1.22192,1.22192,1.22192,0.170665,
1.19241,1.053,0.55948,-0.428779,1.00672,1.00672,1.00672,0.531436,
1.07141,0.84162,0.663014,0.180941,0.995495,0.995495,0.995495,0.478198,
1.25423,1.17707,0.433126,-0.67995,1.07199,1.07199,1.07199,0.24584,
1.41888,1.24406,0.682302,0.170082,1.0686,1.0686,1.0686,0.795551,
1.66221,1.64598,-0.231696,-1.04931,0.298605,0.298605,0.298605,1.51526,
1.49436,1.4508,0.358183,-0.978623,1.08469,1.08469,1.08469,1.13381,
1.58095,1.47906,0.558386,-0.179697,1.05547,1.05547,1.05547,0.846835,
1.49756,1.49356,-0.109406,-0.759271,0.392503,0.392503,0.392503,1.29068,
1.6689,1.58423,0.524846,-0.0147031,0.981898,0.981898,0.981898,1.23386,
1.53272,1.46216,0.45971,-0.403143,0.970345,0.970345,0.970345,1.3438,
1.86825,1.78673,0.545849,-0.329327,1.10672,1.10672,1.10672,1.64055,
1.26374,1.16874,0.480712,-0.717767,1.09517,1.09517,1.09517,0.58122,
